500;150;0
437,5;150;0,05
382,812;149,812;0,1
335,14;149,461;0,15
293,699;148,969;0,2
257,744;148,354;0,25
226,587;147,635;0,3
199,603;146,828;0,35
176,236;145,946;0,4
155,992;145,001;0,45
138,443;144,003;0,5
123,213;142,962;0,55
109,98;141,884;0,6
98,4635;140,778;0,65
88,4257;139,647;0,7
79,6612;138,498;0,75
71,9943;137,333;0,8
65,2748;136,158;0,85
59,3744;134,974;0,9
54,183;133,784;0,95
49,6066;132,592;1
45,5647;131,397;1,05
41,9882;130,203;1,1
38,8178;129,01;1,15
36,0025;127,82;1,2
33,4985;126,634;1,25
31,268;125,453;1,3
29,2784;124,277;1,35
27,5014;123,107;1,4
25,9128;121,943;1,45
24,4912;120,787;1,5
23,2185;119,638;1,55
22,0786;118,497;1,6
21,0576;117,365;1,65
20,1434;116,241;1,7
19,3256;115,125;1,75
18,5948;114,018;1,8
17,9432;112,92;1,85
17,3636;111,832;1,9
16,85;110,752;1,95
16,397;109,682;2
16,0001;108,621;2,05
15,6553;107,57;2,1
15,359;106,528;2,15
15,1084;105,495;2,2
14,9008;104,472;2,25
14,7342;103,459;2,3
14,6068;102,454;2,35
14,5172;101,46;2,4
14,4642;100,475;2,45
14,447;99,499;2,5
14,4651;98,5328;2,55
14,5182;97,576;2,6
14,6062;96,6285;2,65
14,7293;95,6905;2,7
14,888;94,7618;2,75
15,0829;93,8424;2,8
15,3151;92,9323;2,85
15,5857;92,0314;2,9
15,8962;91,1398;2,95
16,2483;90,2573;3
16,6441;89,3841;3,05
17,0858;88,52;3,1
17,5762;87,6651;3,15
18,1182;86,8192;3,2
18,7152;85,9825;3,25
19,371;85,1549;3,3
20,09;84,3363;3,35
20,8767;83,5268;3,4
21,7364;82,7264;3,45
22,6751;81,9351;3,5
23,6992;81,1529;3,55
24,8158;80,3799;3,6
26,033;79,616;3,65
27,3597;78,8613;3,7
28,8055;78,1158;3,75
30,3815;77,3796;3,8
32,0996;76,6529;3,85
33,9732;75,9356;3,9
36,0171;75,2278;3,95
38,2476;74,5297;4
40,6831;73,8414;4,05
43,3436;73,1631;4,1
46,2516;72,4949;4,15
49,432;71,837;4,2
52,9124;71,1896;4,25
56,7234;70,5531;4,3
60,8993;69,9276;4,35
65,4777;69,3135;4,4
70,5009;68,7111;4,45
76,0157;68,1209;4,5
82,074;67,5432;4,55
88,7336;66,9787;4,6
96,0589;66,4278;4,65
104,121;65,8911;4,7
113;65,3694;4,75
122,783;64,8634;4,8
133,568;64,3741;4,85
145,465;63,9023;4,9
158,592;63,4492;4,95
173,084;63,016;5
189,087;62,6039;5,05
206,765;62,2147;5,1
226,296;61,8498;5,15
247,879;61,5112;5,2
271,731;61,2011;5,25
298,088;60,9216;5,3
327,21;60,6756;5,35
359,378;60,4659;5,4
394,897;60,2959;5,45
434,095;60,1691;5,5
477,321;60,0898;5,55
524,946;60,0626;5,6
577,358;60,0926;5,65
634,961;60,1855;5,7
698,162;60,348;5,75
767,371;60,5872;5,8
842,982;60,9111;5,85
925,36;61,329;5,9
1014,82;61,8507;5,95
1111,61;62,4875;6
1215,86;63,2519;6,05
1327,56;64,1575;6,1
1446,51;65,2194;6,15
1572,29;66,454;6,2
1704,15;67,8791;6,25
1841;69,5139;6,3
1981,31;71,3782;6,35
2123,08;73,4929;6,4
2263,77;75,8786;6,45
2400,29;78,5553;6,5
2528,97;81,5408;6,55
2645,68;84,8497;6,6
2745,89;88,4909;6,65
2824,89;92,4657;6,7
2878,1;96,7652;6,75
2901,38;101,368;6,8
2891,46;106,236;6,85
2846,38;111,317;6,9
2765,85;116,541;6,95
2651,47;121,822;7
2506,82;127,064;7,05
2337,21;132,164;7,1
2149,27;137,02;7,15
1950,36;141,54;7,2
1747,81;145,646;7,25
1548,36;149,28;7,3
1357,6;152,41;7,35
1179,72;155,025;7,4
1017,44;157,132;7,45
872,115;158,758;7,5
744,006;159,94;7,55
632,517;160,72;7,6
536,5;161,146;7,65
454,488;161,264;7,7
384,879;161,117;7,75
326,072;160,746;7,8
276,553;160,187;7,85
234,941;159,471;7,9
200,011;158,626;7,95
170,696;157,674;8
146,084;156,635;8,05
125,4;155,527;8,1
107,993;154,362;8,15
93,3161;153,151;8,2
80,9164;151,906;8,25
70,4164;150,632;8,3
61,503;149,338;8,35
53,9168;148,029;8,4
47,443;146,708;8,45
41,9031;145,38;8,5
37,1492;144,048;8,55
33,0583;142,715;8,6
29,5281;141,382;8,65
26,4733;140,052;8,7
23,8226;138,725;8,75
21,5162;137,404;8,8
19,5042;136,089;8,85
17,7445;134,781;8,9
16,2016;133,481;8,95
14,8454;132,19;9
13,6508;130,907;9,05
12,596;129,634;9,1
11,6628;128,37;9,15
10,8357;127,116;9,2
10,1011;125,873;9,25
9,44774;124,639;9,3
8,86577;123,417;9,35
8,34676;122,204;9,4
7,88342;121,003;9,45
7,46949;119,812;9,5
7,09953;118,631;9,55
6,76884;117,462;9,6
6,47335;116,303;9,65
6,20951;115,155;9,7
5,97424;114,018;9,75
5,76487;112,891;9,8
5,57908;111,776;9,85
5,41484;110,67;9,9
5,27039;109,576;9,95
5,14422;108,491;10
5,03502;107,418;10,05
4,94165;106,354;10,1
4,86315;105,301;10,15
4,7987;104,258;10,2
4,74761;103,226;10,25
4,70932;102,203;10,3
4,68338;101,191;10,35
4,66943;100,189;10,4
4,66723;99,1961;10,45
4,67661;98,2134;10,5
4,6975;97,2404;10,55
4,72991;96,2772;10,6
4,77393;95,3235;10,65
4,82974;94,3794;10,7
4,89761;93,4447;10,75
4,97787;92,5194;10,8
5,07097;91,6034;10,85
5,17741;90,6967;10,9
5,29783;89,7991;10,95
5,43294;88,9106;11
5,58356;88,0312;11,05
5,75063;87,1607;11,1
5,93521;86,2991;11,15
6,13851;85,4464;11,2
6,36185;84,6024;11,25
6,60675;83,7671;11,3
6,87486;82,9405;11,35
7,16807;82,1225;11,4
7,48843;81,3131;11,45
7,83827;80,5121;11,5
8,22015;79,7196;11,55
8,63692;78,9355;11,6
9,09175;78,1598;11,65
9,58817;77,3924;11,7
10,1301;76,6333;11,75
10,7218;75,8825;11,8
11,3683;75,14;11,85
12,0748;74,4057;11,9
12,8475;73,6796;11,95
13,6928;72,9617;12
14,6184;72,2521;12,05
15,6325;71,5507;12,1
16,7443;70,8575;12,15
17,9643;70,1727;12,2
19,3038;69,4962;12,25
20,7759;68,828;12,3
22,395;68,1684;12,35
24,1772;67,5172;12,4
26,1405;66,8747;12,45
28,3053;66,2409;12,5
30,6942;65,616;12,55
33,3327;65,0001;12,6
36,2493;64,3934;12,65
39,4761;63,7962;12,7
43,049;63,2086;12,75
47,0086;62,6309;12,8
51,4003;62,0635;12,85
56,2751;61,5067;12,9
61,6907;60,9608;12,95
67,7116;60,4264;13
74,4105;59,904;13,05
81,8694;59,3941;13,1
90,1804;58,8974;13,15
99,447;58,4147;13,2
109,786;57,9467;13,25
121,328;57,4945;13,3
134,221;57,0591;13,35
148,63;56,6416;13,4
164,74;56,2436;13,45
182,762;55,8665;13,5
202,926;55,512;13,55
225,496;55,1822;13,6
250,761;54,8792;13,65
279,048;54,6057;13,7
310,716;54,3644;13,75
346,165;54,1586;13,8
385,837;53,9919;13,85
430,216;53,8687;13,9
479,832;53,7935;13,95
535,26;53,7718;14
597,121;53,8097;14,05
666,074;53,9142;14,1
742,815;54,0933;14,15
828,066;54,356;14,2
922,556;54,7126;14,25
1027,01;55,175;14,3
1142,1;55,7566;14,35
1268,42;56,4726;14,4
1406,45;57,3405;14,45
1556,44;58,38;14,5
1718,39;59,6135;14,55
1891,89;61,0662;14,6
2076,04;62,7661;14,65
2269,29;64,7445;14,7
2469,3;67,0356;14,75
2672,8;69,6758;14,8
2875,42;72,7037;14,85
3071,64;76,1577;14,9
3254,73;80,0747;14,95
3416,86;84,4864;15
3549,38;89,4151;15,05
3643,3;94,8683;15,1
3690,04;100,832;15,15
3682,37;107,265;15,2
3615,48;114,093;15,25
3488,1;121,202;15,3
3303,22;128,445;15,35
3068,32;135,646;15,4
2794,88;142,614;15,45
2497,13;149,159;15,5
2190,24;155,117;15,55
1888,44;160,361;15,6
1603,47;164,814;15,65
1343,65;168,451;15,7
1113,71;171,294;15,75
915,212;173,396;15,8
747,279;174,836;15,85
607,471;175,701;15,9
492,506;176,078;15,95
398,833;176,052;16
323,003;175,696;16,05
261,878;175,074;16,1
212,728;174,24;16,15
173,245;173,239;16,2
141,525;172,107;16,25
116,012;170,873;16,3
95,4571;169,561;16,35
78,857;168,189;16,4
65,4141;166,772;16,45
54,4945;165,323;16,5
45,5952;163,85;16,55
38,3171;162,36;16,6
32,3434;160,861;16,65
27,4223;159,357;16,7
23,353;157,851;16,75
19,9756;156,346;16,8
17,1617;154,845;16,85
14,8087;153,349;16,9
12,8336;151,861;16,95
11,1697;150,382;17
9,76279;148,912;17,05
8,569;147,451;17,1
7,55247;146,002;17,15
6,6839;144,564;17,2
5,93924;143,138;17,25
5,29872;141,724;17,3
4,74602;140,321;17,35
4,2676;138,931;17,4
3,85224;137,554;17,45
3,49058;136,189;17,5
3,17477;134,837;17,55
2,89828;133,497;17,6
2,65557;132,17;17,65
2,442;130,855;17,7
2,25363;129,553;17,75
2,08713;128,263;17,8
1,93965;126,986;17,85
1,8088;125,721;17,9
1,69249;124,468;17,95
1,58896;123,228;18
1,49669;121,999;18,05
1,41437;120,783;18,1
1,34088;119,579;18,15
1,27525;118,386;18,2
1,21663;117,205;18,25
1,1643;116,036;18,3
1,11763;114,878;18,35
1,07605;113,732;18,4
1,03911;112,597;18,45
1,00639;111,474;18,5
0,977521;110,361;18,55
0,9522;109,26;18,6
0,930158;108,169;18,65
0,911161;107,09;18,7
0,895012;106,021;18,75
0,881541;104,962;18,8
0,870604;103,914;18,85
0,862085;102,877;18,9
0,855884;101,85;18,95
0,851925;100,833;19
0,85015;99,8268;19,05
0,850518;98,8302;19,1
0,853005;97,8436;19,15
0,857604;96,8668;19,2
0,864321;95,8998;19,25
0,873181;94,9425;19,3
0,884221;93,9947;19,35
0,897496;93,0564;19,4
0,913076;92,1275;19,45
0,931046;91,2079;19,5
0,951511;90,2976;19,55
0,974591;89,3963;19,6
1,00043;88,5041;19,65
1,02918;87,6208;19,7
1,06103;86,7464;19,75
1,09619;85,8808;19,8
1,13488;85,0239;19,85
1,17737;84,1756;19,9
1,22395;83,3358;19,95
1,27494;82,5045;20
1,3307;81,6815;20,05
1,39164;80,8669;20,1
1,45821;80,0605;20,15
1,5309;79,2622;20,2
1,61027;78,472;20,25
1,69693;77,6898;20,3
1,79158;76,9155;20,35
1,89497;76,1491;20,4
2,00797;75,3905;20,45
2,1315;74,6397;20,5
2,26664;73,8964;20,55
2,41456;73,1608;20,6
2,57657;72,4328;20,65
2,75415;71,7122;20,7
2,94892;70,999;20,75
3,16272;70,2932;20,8
3,39761;69,5947;20,85
3,65587;68,9035;20,9
3,94008;68,2195;20,95
4,25313;67,5427;21
4,59824;66,873;21,05
4,97906;66,2104;21,1
5,39966;65,5549;21,15
5,86464;64,9064;21,2
6,37916;64,265;21,25
6,94906;63,6305;21,3
7,5809;63,0031;21,35
8,28207;62,3826;21,4
9,06095;61,7691;21,45
9,92697;61,1626;21,5
10,8908;60,5631;21,55
11,9646;59,9707;21,6
13,1619;59,3853;21,65
14,4983;58,8071;21,7
15,9914;58,2361;21,75
17,661;57,6723;21,8
19,5299;57,116;21,85
21,6237;56,5671;21,9
23,9717;56,0259;21,95
26,607;55,4925;22
29,5675;54,9671;22,05
32,8963;54,45;22,1
36,6424;53,9413;22,15
40,8616;53,4414;22,2
45,6178;52,9507;22,25
50,9835;52,4695;22,3
57,0416;51,9983;22,35
63,8869;51,5376;22,4
71,6272;51,0881;22,45
80,3857;50,6504;22,5
90,3032;50,2253;22,55
101,54;49,8138;22,6
114,28;49,4168;22,65
128,732;49,0356;22,7
145,134;48,6715;22,75
163,757;48,326;22,8
184,912;48,0011;22,85
208,95;47,6986;22,9
236,271;47,4209;22,95
267,329;47,1708;23
302,636;46,9513;23,05
342,772;46,766;23,1
388,389;46,6189;23,15
440,221;46,5148;23,2
499,084;46,4592;23,25
565,888;46,4584;23,3
641,634;46,5196;23,35
727,421;46,6514;23,4
824,439;46,8636;23,45
933,958;47,1676;23,5
1057,32;47,577;23,55
1195,89;48,1073;23,6
1351,03;48,7769;23,65
1524,04;49,6071;23,7
1716,04;50,6231;23,75
1927,87;51,8543;23,8
2159,92;53,3351;23,85
2411,9;55,1057;23,9
2682,6;57,2129;23,95
2969,56;59,7103;24
3268,66;62,6595;24,05
3573,8;66,1291;24,1
3876,41;70,1945;24,15
4165,26;74,9346;24,2
4426,27;80,4277;24,25
4642,85;86,7433;24,3
4796,72;93,9306;24,35
4869,51;102,002;24,4
4845,13;110,916;24,45
4712,9;120,555;24,5
4470,71;130,713;24,55
4127,44;141,094;24,6
3703,41;151,33;24,65
3228,17;161,025;24,7
2735,67;169,811;24,75
2258,22;177,404;24,8
1821,23;183,642;24,85
1440,4;188,495;24,9
1121,73;192,04;24,95
863,618;194,428;25
659,743;195,842;25,05
501,665;196,468;25,1
380,678;196,474;25,15
288,864;196,006;25,2
219,533;195,178;25,25
167,296;194,083;25,3
127,947;192,792;25,35
98,2657;191,357;25,4
75,8226;189,82;25,45
58,7967;188,209;25,5
45,8307;186,548;25,55
35,9142;184,854;25,6
28,2956;183,138;25,65
22,4145;181,41;25,7
17,8525;179,678;25,75
14,2964;177,945;25,8
11,5106;176,216;25,85
9,31733;174,495;25,9
7,5821;172,782;25,95
6,20249;171,081;26
5,10029;169,391;26,05
4,2155;167,715;26,1
3,50188;166,052;26,15
2,92361;164,403;26,2
2,45289;162,768;26,25
2,06798;161,149;26,3
1,75185;159,544;26,35
1,49107;157,954;26,4
1,27504;156,379;26,45
1,09532;154,819;26,5
0,94521;153,275;26,55
0,819321;151,745;26,6
0,713332;150,23;26,65
0,623756;148,73;26,7
0,547768;147,244;26,75
0,483071;145,773;26,8
0,427791;144,317;26,85
0,380395;142,875;26,9
0,339622;141,447;26,95
0,304431;140,034;27
0,273962;138,634;27,05
0,247501;137,249;27,1
0,224453;135,877;27,15
0,204321;134,519;27,2
0,186689;133,174;27,25
0,171206;131,843;27,3
0,157577;130,525;27,35
0,145552;129,22;27,4
0,134919;127,928;27,45
0,125499;126,649;27,5
0,117138;125,383;27,55
0,109704;124,13;27,6
0,103087;122,889;27,65
0,0971878;121,66;27,7
0,0919251;120,444;27,75
0,0872269;119,239;27,8
0,0830314;118,047;27,85
0,0792852;116,867;27,9
0,075942;115,698;27,95
0,0729616;114,542;28
0,0703091;113,396;28,05
0,0679544;112,263;28,1
0,0658711;111,14;28,15
0,0640366;110,029;28,2
0,0624311;108,929;28,25
0,0610375;107,84;28,3
0,0598412;106,761;28,35
0,0588297;105,694;28,4
0,0579923;104,637;28,45
0,05732;103,591;28,5
0,0568055;102,555;28,55
0,0564426;101,53;28,6
0,0562268;100,514;28,65
0,0561545;99,5093;28,7
0,0562234;98,5143;28,75
0,0564322;97,5293;28,8
0,0567808;96,5541;28,85
0,0572699;95,5887;28,9
0,0579015;94,6329;28,95
0,0586784;93,6867;29
0,0596046;92,7499;29,05
0,0606849;91,8225;29,1
0,0619255;90,9044;29,15
0,0633336;89,9955;29,2
0,0649177;89,0957;29,25
0,0666874;88,2048;29,3
0,0686539;87,3229;29,35
0,0708297;86,4498;29,4
0,0732291;85,5854;29,45
0,075868;84,7297;29,5
0,0787644;83,8825;29,55
0,0819381;83,0438;29,6
0,0854115;82,2135;29,65
0,0892094;81,3915;29,7
0,0933595;80,5777;29,75
0,0978926;79,7721;29,8
0,102843;78,9746;29,85
0,108249;78,185;29,9
0,114152;77,4033;29,95
0,120601;76,6294;30
0,127647;75,8633;30,05
0,13535;75,1049;30,1
0,143774;74,354;30,15
0,152992;73,6107;30,2
0,163085;72,8748;30,25
0,174144;72,1463;30,3
0,186271;71,4251;30,35
0,199578;70,7111;30,4
0,214191;70,0043;30,45
0,230253;69,3046;30,5
0,247922;68,6118;30,55
0,267377;67,926;30,6
0,288817;67,2472;30,65
0,312465;66,5751;30,7
0,338576;65,9097;30,75
0,367431;65,2511;30,8
0,399351;64,5991;30,85
0,434694;63,9536;30,9
0,473867;63,3146;30,95
0,517327;62,6821;31
0,565591;62,0559;31,05
0,619243;61,436;31,1
0,678945;60,8224;31,15
0,745443;60,215;31,2
0,819587;59,6138;31,25
0,902337;59,0186;31,3
0,994784;58,4295;31,35
1,09817;57,8464;31,4
1,2139;57,2692;31,45
1,34358;56,6979;31,5
1,48902;56,1324;31,55
1,65232;55,5728;31,6
1,83584;55,0189;31,65
2,04229;54,4707;31,7
2,27475;53,9282;31,75
2,53676;53,3914;31,8
2,83234;52,8602;31,85
3,16613;52,3346;31,9
3,54342;51,8145;31,95
3,97027;51,3001;32
4,45365;50,7911;32,05
5,00155;50,2878;32,1
5,62315;49,7899;32,15
6,32899;49,2976;32,2
7,13123;48,8109;32,25
8,04384;48,3297;32,3
9,0829;47,8542;32,35
10,267;47,3844;32,4
11,6175;46,9202;32,45
13,1591;46,4619;32,5
14,9204;46,0095;32,55
16,9343;45,5632;32,6
19,239;45,123;32,65
21,8784;44,6891;32,7
24,9037;44,2618;32,75
28,3739;43,8412;32,8
32,3575;43,4277;32,85
36,9339;43,0215;32,9
42,1949;42,6231;32,95
48,2475;42,2328;33
55,2153;41,8512;33,05
63,242;41,4789;33,1
72,4945;41,1166;33,15
83,1663;40,7651;33,2
95,4822;40,4252;33,25
109,703;40,0982;33,3
126,132;39,7852;33,35
145,119;39,4877;33,4
167,073;39,2074;33,45
192,465;38,9463;33,5
221,841;38,7068;33,55
255,835;38,4915;33,6
295,175;38,3035;33,65
340,703;38,1466;33,7
393,387;38,025;33,75
454,338;37,944;33,8
524,824;37,9093;33,85
606,29;37,9281;33,9
700,374;38,0088;33,95
808,917;38,1611;34
933,973;38,3969;34,05
1077,81;38,7301;34,1
1242,91;39,1777;34,15
1431,9;39,7598;34,2
1647,54;40,5008;34,25
1892,61;41,4304;34,3
2169,73;42,5843;34,35
2481,18;44,0064;34,4
2828,5;45,7501;34,45
3212,12;47,8807;34,5
3630,65;50,4778;34,55
4080,14;53,6384;34,6
4553,05;57,479;34,65
5037,05;62,1383;34,7
5513,83;67,7768;34,75
5958,01;74,5733;34,8
6336,74;82,7137;34,85
6610,59;92,3693;34,9
6736,7;103,658;34,95
6675,09;116,588;35
6398,28;130,986;35,05
5902,64;146,438;35,1
5217,37;162,261;35,15
4405,27;177,57;35,2
3550,97;191,439;35,25
2739,23;203,121;35,3
2033,05;212,218;35,35
1462,69;218,724;35,4
1028,55;222,936;35,45
712,435;225,292;35,5
489,278;226,249;35,55
334,851;226,201;35,6
229,204;225,454;35,65
157,318;224,233;35,7
108,458;222,696;35,75
75,1896;220,952;35,8
52,4537;219,075;35,85
36,8389;217,114;35,9
26,0531;215,103;35,95
18,5561;213,064;36
13,3111;211,012;36,05
9,61683;208,958;36,1
6,99725;206,909;36,15
5,12708;204,869;36,2
3,78291;202,841;36,25
2,81031;200,828;36,3
2,10192;198,831;36,35
1,58258;196,851;36,4
1,19939;194,889;36,45
0,914871;192,945;36,5
0,702291;191,019;36,55
0,542487;189,111;36,6
0,421633;187,222;36,65
0,329694;185,351;36,7
0,259344;183,499;36,75
0,205207;181,665;36,8
0,163311;179,849;36,85
0,13071;178,051;36,9
0,105205;176,271;36,95
0,0851448;174,509;37
0,0692847;172,764;37,05
0,0566811;171,037;37,1
0,046615;169,327;37,15
0,0385359;167,633;37,2
0,0320201;165,957;37,25
0,0267402;164,298;37,3
0,0224419;162,655;37,35
0,0189266;161,028;37,4
0,016039;159,418;37,45
0,0136565;157,824;37,5
0,0116823;156,246;37,55
0,0100396;154,683;37,6
0,00866709;153,137;37,65
0,00751574;151,605;37,7
0,00654611;150,089;37,75
0,00572639;148,588;37,8
0,0050308;147,102;37,85
0,00443839;145,631;37,9
0,00393207;144,175;37,95
0,00349782;142,733;38
0,00312413;141,306;38,05
0,00280152;139,893;38,1
0,00252212;138,494;38,15
0,0022794;137,109;38,2
0,00206793;135,738;38,25
0,00188317;134,381;38,3
0,00172131;133,037;38,35
0,00157914;131,707;38,4
0,00145397;130,39;38,45
0,00134351;129,086;38,5
0,00124581;127,795;38,55
0,00115925;126,517;38,6
0,0010824;125,252;38,65
0,00101407;123,999;38,7
0,000953225;122,759;38,75
0,000898989;121,532;38,8
0,000850597;120,316;38,85
0,000807395;119,113;38,9
0,000768815;117,922;38,95
0,000734368;116,743;39
0,00070363;115,575;39,05
0,000676232;114,42;39,1
0,000651855;113,275;39,15
0,000630221;112,143;39,2
0,000611089;111,021;39,25
0,000594252;109,911;39,3
0,000579528;108,812;39,35
0,000566761;107,724;39,4
0,000555817;106,647;39,45
0,000546582;105,58;39,5
0,000538957;104,524;39,55
0,000532861;103,479;39,6
0,000528226;102,444;39,65
0,000524998;101,42;39,7
0,000523135;100,406;39,75
0,000522604;99,4015;39,8
0,000523386;98,4075;39,85
0,00052547;97,4234;39,9
0,000528855;96,4492;39,95
0,000533549;95,4847;40
0,000539572;94,5299;40,05
0,000546951;93,5846;40,1
0,000555723;92,6487;40,15
0,000565937;91,7222;40,2
0,000577648;90,805;40,25
0,000590927;89,897;40,3
0,000605852;88,998;40,35
0,000622516;88,108;40,4
0,000641024;87,2269;40,45
0,000661493;86,3547;40,5
0,000684059;85,4911;40,55
0,000708871;84,6362;40,6
0,000736099;83,7899;40,65
0,000765929;82,952;40,7
0,000798573;82,1224;40,75
0,000834264;81,3012;40,8
0,000873264;80,4882;40,85
0,000915861;79,6833;40,9
0,000962379;78,8865;40,95
0,00101318;78,0976;41
0,00106865;77,3167;41,05
0,00112926;76,5435;41,1
0,00119548;75,7781;41,15
0,00126787;75,0203;41,2
0,00134705;74,2701;41,25
0,0014337;73,5274;41,3
0,00152858;72,7921;41,35
0,00163255;72,0642;41,4
0,00174657;71,3436;41,45
0,0018717;70,6301;41,5
0,00200912;69,9238;41,55
0,00216019;69,2246;41,6
0,00232639;68,5323;41,65
0,00250941;67,847;41,7
0,00271112;67,1686;41,75
0,00293365;66,4969;41,8
0,00317936;65,8319;41,85
0,00345094;65,1736;41,9
0,0037514;64,5219;41,95
0,00408414;63,8767;42
0,00445297;63,2379;42,05
0,00486222;62,6055;42,1
0,00531677;61,9795;42,15
0,00582213;61,3597;42,2
0,00638456;60,7461;42,25
0,0070111;60,1386;42,3
0,00770978;59,5373;42,35
0,00848968;58,9419;42,4
0,00936111;58,3525;42,45
0,0103358;57,769;42,5
0,011427;57,1913;42,55
0,0126499;56,6194;42,6
0,0140218;56,0532;42,65
0,0155624;55,4927;42,7
0,017294;54,9378;42,75
0,0192422;54,3884;42,8
0,0214364;53,8446;42,85
0,0239099;53,3061;42,9
0,026701;52,7731;42,95
0,0298536;52,2454;43
0,0334177;51,723;43,05
0,0374509;51,2058;43,1
0,0420194;50,6938;43,15
0,047199;50,1869;43,2
0,0530768;49,6851;43,25
0,0597532;49,1883;43,3
0,0673436;48,6964;43,35
0,075981;48,2095;43,4
0,0858187;47,7275;43,45
0,0970336;47,2503;43,5
0,10983;46,7779;43,55
0,124443;46,3102;43,6
0,141147;45,8472;43,65
0,160255;45,3889;43,7
0,182135;44,9352;43,75
0,207208;44,486;43,8
0,235965;44,0413;43,85
0,268976;43,6011;43,9
0,306901;43,1653;43,95
0,350507;42,7339;44
0,400687;42,3069;44,05
0,45848;41,8842;44,1
0,525092;41,4657;44,15
0,601932;41,0515;44,2
0,690639;40,6415;44,25
0,793128;40,2356;44,3
0,91163;39,8339;44,35
1,04875;39,4363;44,4
1,20754;39,0427;44,45
1,39157;38,6533;44,5
1,60499;38,2678;44,55
1,85268;37,8863;44,6
2,14038;37,5089;44,65
2,47476;37,1354;44,7
2,8637;36,7659;44,75
3,31641;36,4003;44,8
3,84371;36,0387;44,85
4,45834;35,6811;44,9
5,17522;35,3275;44,95
6,01196;34,9779;45
6,98924;34,6323;45,05
8,13141;34,2908;45,1
9,46718;33,9535;45,15
11,0304;33,6204;45,2
12,8608;33,2916;45,25
15,0057;32,9672;45,3
17,5203;32,6475;45,35
20,4704;32,3324;45,4
23,9334;32,0223;45,45
28,0007;31,7174;45,5
32,7807;31,418;45,55
38,4011;31,1245;45,6
45,0133;30,8371;45,65
52,7964;30,5565;45,7
61,9623;30,2832;45,75
72,7619;30,0179;45,8
85,4919;29,7614;45,85
100,504;29,5147;45,9
118,214;29,2789;45,95
139,115;29,0553;46
163,788;28,8456;46,05
192,924;28,6516;46,1
227,336;28,4757;46,15
267,986;28,3204;46,2
316,009;28,189;46,25
372,742;28,0852;46,3
439,756;28,0137;46,35
518,897;27,98;46,4
612,324;27,9906;46,45
722,557;28,0534;46,5
852,52;28,1783;46,55
1005,59;28,377;46,6
1185,65;28,6639;46,65
1397,1;29,057;46,7
1644,89;29,5783;46,75
1934,48;30,2556;46,8
2271,78;31,1236;46,85
2662,96;32,2265;46,9
3114,15;33,6206;46,95
3630,94;35,3784;47
4217,53;37,5937;47,05
4875,53;40,3889;47,1
5602,12;43,9233;47,15
6387,49;48,4054;47,2
7211,39;54,1051;47,25
8038,81;61,3675;47,3
8815,21;70,6203;47,35
9462,68;82,3647;47,4
9879,87;97,1289;47,45
9950,79;115,35;47,5
9568,93;137,153;47,55
8680,14;162,03;47,6
7334,08;188,538;47,65
5710,71;214,308;47,7
4078,77;236,642;47,75
2685,44;253,579;47,8
1654,37;264,663;47,85
973,337;270,773;47,9
557,787;273,337;47,95
316,074;273,653;48
178,856;272,646;48,05
101,659;270,895;48,1
58,2266;268,737;48,15
33,6642;266,362;48,2
19,6631;263,878;48,25
11,6072;261,343;48,3
6,92535;258,79;48,35
4,17616;256,238;48,4
2,54497;253,697;48,45
1,56708;251,173;48,5
0,97483;248,669;48,55
0,612512;246,187;48,6
0,388658;243,729;48,65
0,249005;241,293;48,7
0,161048;238,881;48,75
0,105132;236,493;48,8
0,0692572;234,129;48,85
0,0460337;231,788;48,9
0,030867;229,47;48,95
0,0208761;227,176;49
0,0142388;224,904;49,05
0,00979255;222,655;49,1
0,00678979;220,429;49,15
0,00474557;218,224;49,2
0,00334297;216,042;49,25
0,00237315;213,882;49,3
0,00169751;211,743;49,35
0,0012233;209,626;49,4
0,000888035;207,529;49,45
0,00064931;205,454;49,5
0,00047813;203,399;49,55
0,000354534;201,365;49,6
0,00026469;199,352;49,65
0,000198946;197,358;49,7
0,000150524;195,385;49,75
0,00011463;193,431;49,8
8,78547e-05;191,497;49,85
6,77587e-05;189,582;49,9
5,25839e-05;187,686;49,95
4,10567e-05;185,809;50
3,22492e-05;183,951;50,05
2,54808e-05;182,111;50,1
2,02501e-05;180,29;50,15
1,61854e-05;178,487;50,2
1,30095e-05;176,702;50,25
1,05149e-05;174,935;50,3
8,54504e-06;173,186;50,35
6,9816e-06;171,454;50,4
5,73444e-06;169,74;50,45
4,73464e-06;168,042;50,5
3,92925e-06;166,362;50,55
3,27737e-06;164,698;50,6
2,74727e-06;163,051;50,65
2,31423e-06;161,421;50,7
1,95887e-06;159,807;50,75
1,66599e-06;158,208;50,8
1,42355e-06;156,626;50,85
1,22203e-06;155,06;50,9
1,05381e-06;153,509;50,95
9,12841e-07;151,974;51
7,9423e-07;150,455;51,05
6,94049e-07;148,95;51,1
6,09114e-07;147,461;51,15
5,36842e-07;145,986;51,2
4,75124e-07;144,526;51,25
4,22235e-07;143,081;51,3
3,7676e-07;141,65;51,35
3,37529e-07;140,234;51,4
3,03579e-07;138,831;51,45
2,74108e-07;137,443;51,5
2,4845e-07;136,068;51,55
2,26047e-07;134,708;51,6
2,06433e-07;133,361;51,65
1,89216e-07;132,027;51,7
1,74066e-07;130,707;51,75
1,60703e-07;129,4;51,8
1,48892e-07;128,106;51,85
1,3843e-07;126,825;51,9
1,29147e-07;125,556;51,95
1,20895e-07;124,301;52
1,13551e-07;123,058;52,05
1,07005e-07;121,827;52,1
1,01166e-07;120,609;52,15
9,59536e-08;119,403;52,2
9,12991e-08;118,209;52,25
8,7143e-08;117,027;52,3
8,34335e-08;115,857;52,35
8,01261e-08;114,698;52,4
7,71819e-08;113,551;52,45
7,45672e-08;112,416;52,5
7,22527e-08;111,291;52,55
7,02131e-08;110,178;52,6
6,84264e-08;109,077;52,65
6,68737e-08;107,986;52,7
6,55386e-08;106,906;52,75
6,44071e-08;105,837;52,8
6,34672e-08;104,779;52,85
6,2709e-08;103,731;52,9
6,21241e-08;102,694;52,95
6,17058e-08;101,667;53
6,14487e-08;100,65;53,05
6,13489e-08;99,6434;53,1
6,14036e-08;98,647;53,15
6,16113e-08;97,6605;53,2
6,19716e-08;96,6839;53,25
6,24854e-08;95,7171;53,3
6,31544e-08;94,7599;53,35
6,39817e-08;93,8123;53,4
6,49715e-08;92,8742;53,45
6,61289e-08;91,9454;53,5
6,74605e-08;91,026;53,55
6,8974e-08;90,1157;53,6
7,06784e-08;89,2146;53,65
7,25842e-08;88,3224;53,7
7,47032e-08;87,4392;53,75
7,7049e-08;86,5648;53,8
7,96369e-08;85,6992;53,85
8,24841e-08;84,8422;53,9
8,56098e-08;83,9937;53,95
8,90356e-08;83,1538;54
9,27853e-08;82,3223;54,05
9,68859e-08;81,499;54,1
1,01367e-07;80,6841;54,15
1,06262e-07;79,8772;54,2
1,11608e-07;79,0784;54,25
1,17445e-07;78,2877;54,3
1,2382e-07;77,5048;54,35
1,30784e-07;76,7297;54,4
1,38392e-07;75,9624;54,45
1,46709e-07;75,2028;54,5
1,55804e-07;74,4508;54,55
1,65755e-07;73,7063;54,6
1,76651e-07;72,9692;54,65
1,88589e-07;72,2395;54,7
2,01677e-07;71,5171;54,75
2,16038e-07;70,802;54,8
2,31808e-07;70,0939;54,85
2,49139e-07;69,393;54,9
2,68202e-07;68,6991;54,95
2,8919e-07;68,0121;55
3,12316e-07;67,332;55,05
3,37823e-07;66,6586;55,1
3,65982e-07;65,992;55,15
3,97097e-07;65,3321;55,2
4,31514e-07;64,6788;55,25
4,69618e-07;64,032;55,3
5,11846e-07;63,3917;55,35
5,5869e-07;62,7578;55,4
6,10707e-07;62,1302;55,45
6,68526e-07;61,5089;55,5
7,32857e-07;60,8938;55,55
8,04505e-07;60,2849;55,6
8,84382e-07;59,682;55,65
9,73523e-07;59,0852;55,7
1,0731e-06;58,4944;55,75
1,18445e-06;57,9094;55,8
1,30909e-06;57,3303;55,85
1,44873e-06;56,757;55,9
1,60535e-06;56,1894;55,95
1,78118e-06;55,6275;56
1,97877e-06;55,0713;56,05
2,20103e-06;54,5206;56,1
2,45128e-06;53,9754;56,15
2,73333e-06;53,4356;56,2
3,05152e-06;52,9012;56,25
3,41083e-06;52,3722;56,3
3,81695e-06;51,8485;56,35
4,27643e-06;51,33;56,4
4,79677e-06;50,8167;56,45
5,38657e-06;50,3086;56,5
6,05573e-06;49,8055;56,55
6,81565e-06;49,3074;56,6
7,6794e-06;48,8143;56,65
8,66209e-06;48,3262;56,7
9,7811e-06;47,8429;56,75
1,10565e-05;47,3645;56,8
1,25114e-05;46,8909;56,85
1,41726e-05;46,422;56,9
1,60709e-05;45,9577;56,95
1,82422e-05;45,4982;57
2,07278e-05;45,0432;57,05
2,35756e-05;44,5927;57,1
2,68412e-05;44,1468;57,15
3,05892e-05;43,7053;57,2
3,48942e-05;43,2683;57,25
3,98432e-05;42,8356;57,3
4,55372e-05;42,4073;57,35
5,20938e-05;41,9832;57,4
5,96495e-05;41,5633;57,45
6,83638e-05;41,1477;57,5
7,84223e-05;40,7362;57,55
9,00413e-05;40,3289;57,6
0,000103473;39,9256;57,65
0,000119014;39,5263;57,7
0,000137007;39,1311;57,75
0,000157855;38,7398;57,8
0,000182031;38,3524;57,85
0,000210085;37,9688;57,9
0,000242665;37,5891;57,95
0,000280527;37,2133;58
0,000324561;36,8411;58,05
0,000375808;36,4727;58,1
0,000435493;36,108;58,15
0,000505054;35,7469;58,2
0,000586183;35,3894;58,25
0,000680867;35,0355;58,3
0,000791447;34,6852;58,35
0,00092068;34,3383;58,4
0,00107181;33,995;58,45
0,00124868;33,655;58,5
0,00145578;33,3185;58,55
0,00169847;32,9853;58,6
0,00198303;32,6554;58,65
0,00231689;32,3289;58,7
0,00270886;32,0056;58,75
0,00316933;31,6855;58,8
0,0037106;31,3687;58,85
0,00434726;31,055;58,9
0,00509657;30,7444;58,95
0,00597898;30,437;59
0,00701877;30,1326;59,05
0,00824473;29,8313;59,1
0,00969103;29,533;59,15
0,0113983;29,2377;59,2
0,0134147;28,9453;59,25
0,0157976;28,6559;59,3
0,0186153;28,3693;59,35
0,0219489;28,0856;59,4
0,025895;27,8048;59,45
0,0305687;27,5268;59,5
0,0361072;27,2515;59,55
0,0426741;26,979;59,6
0,0504644;26,7092;59,65
0,0597108;26,4422;59,7
0,0706913;26,1778;59,75
0,0837378;25,916;59,8
0,0992468;25,6569;59,85
0,117693;25,4004;59,9
0,139642;25,1465;59,95
0,165774;24,8951;60
0,1969;24,6462;60,05
0,233993;24,3998;60,1
0,278218;24,156;60,15
0,330971;23,9145;60,2
0,393926;23,6755;60,25
0,469091;23,439;60,3
0,558877;23,2048;60,35
0,666174;22,973;60,4
0,794458;22,7436;60,45
0,9479;22,5165;60,5
1,13152;22,2918;60,55
1,35134;22,0694;60,6
1,61461;21,8493;60,65
1,93007;21,6315;60,7
2,30821;21,416;60,75
2,76168;21,2028;60,8
3,30572;20,992;60,85
3,95866;20,7834;60,9
4,74264;20,5773;60,95
5,68433;20,3734;61
6,81588;20,172;61,05
8,17613;19,973;61,1
9,81191;19,7766;61,15
11,7798;19,5827;61,2
14,148;19,3915;61,25
16,9991;19,2031;61,3
20,4328;19,0176;61,35
24,5696;18,8351;61,4
29,5551;18,6561;61,45
35,5654;18,4805;61,5
42,8135;18,3089;61,55
51,5573;18,1414;61,6
62,1083;17,9787;61,65
74,8438;17,8213;61,7
90,2202;17,6697;61,75
108,79;17,5249;61,8
131,221;17,3878;61,85
158,322;17,2596;61,9
191,071;17,1416;61,95
230,651;17,0357;62
278,49;16,9439;62,05
336,316;16,8689;62,1
406,212;16,8137;62,15
490,69;16,7821;62,2
592,775;16,779;62,25
716,104;16,8101;62,3
865,035;16,8828;62,35
1044,78;17,006;62,4
1261,56;17,1913;62,45
1522,73;17,4532;62,5
1836,97;17,8102;62,55
2214,42;18,2864;62,6
2666,79;18,9134;62,65
3207,4;19,733;62,7
3851,02;20,8015;62,75
4613,5;22,1957;62,8
5510,88;24,0217;62,85
6557,65;26,4291;62,9
7763,78;29,6311;62,95
9129,6;33,9357;63
10637,4;39,7928;63,05
12238,6;47,8607;63,1
13833,9;59,0971;63,15
15248,5;74,8569;63,2
16206,9;96,9374;63,25
16331;127,389;63,3
15212,8;167,723;63,35
12637,2;217,077;63,4
8938,36;269,771;63,45
5144,68;315,299;63,5
2375,57;344,588;63,55
922,976;357,514;63,6
328,777;360,539;63,65
114,629;359,304;63,7
40,3196;356,535;63,75
14,4611;353,257;63,8
5,30518;349,827;63,85
1,99174;346,365;63,9
0,765001;342,916;63,95
0,300424;339,492;64
0,120551;336,099;64,05
0,0493963;332,739;64,1
0,0206552;329,412;64,15
0,00880886;326,118;64,2
0,00382926;322,856;64,25
0,00169582;319,628;64,3
0,000764698;316,432;64,35
0,000350936;313,267;64,4
0,000163828;310,135;64,45
7,77631e-05;307,033;64,5
3,75142e-05;303,963;64,55
1,83854e-05;300,923;64,6
9,15027e-06;297,914;64,65
4,62285e-06;294,935;64,7
2,36996e-06;291,986;64,75
1,23247e-06;289,066;64,8
6,49923e-07;286,175;64,85
3,47424e-07;283,313;64,9
1,88205e-07;280,48;64,95
1,03287e-07;277,675;65
5,74081e-08;274,899;65,05
3,23066e-08;272,15;65,1
1,84027e-08;269,428;65,15
1,06078e-08;266,734;65,2
6,18612e-09;264,067;65,25
3,64878e-09;261,426;65,3
2,17626e-09;258,812;65,35
1,31222e-09;256,224;65,4
7,99723e-10;253,661;65,45
4,92507e-10;251,125;65,5
3,06432e-10;248,613;65,55
1,92582e-10;246,127;65,6
1,22228e-10;243,666;65,65
7,83282e-11;241,229;65,7
5,06726e-11;238,817;65,75
3,3087e-11;236,429;65,8
2,1802e-11;234,065;65,85
1,44948e-11;231,724;65,9
9,7215e-12;229,407;65,95
6,57643e-12;227,113;66
4,48656e-12;224,842;66,05
3,08629e-12;222,593;66,1
2,14039e-12;220,367;66,15
1,49631e-12;218,164;66,2
1,05429e-12;215,982;66,25
7,48592e-13;213,822;66,3
5,35576e-13;211,684;66,35
3,86038e-13;209,567;66,4
2,80296e-13;207,471;66,45
2,04986e-13;205,397;66,5
1,50974e-13;203,343;66,55
1,11969e-13;201,309;66,6
8,36102e-14;199,296;66,65
6,28548e-14;197,303;66,7
4,75649e-14;195,33;66,75
3,62289e-14;193,377;66,8
2,77716e-14;191,443;66,85
2,14228e-14;189,529;66,9
1,66279e-14;187,633;66,95
1,2985e-14;185,757;67
1,02011e-14;183,899;67,05
8,06144e-15;182,06;67,1
6,40763e-15;180,24;67,15
5,12226e-15;178,437;67,2
4,11782e-15;176,653;67,25
3,32871e-15;174,887;67,3
2,70552e-15;173,138;67,35
2,21083e-15;171,406;67,4
1,81616e-15;169,692;67,45
1,49973e-15;167,995;67,5
1,2448e-15;166,315;67,55
1,03842e-15;164,652;67,6
8,70582e-16;163,006;67,65
7,33453e-16;161,376;67,7
6,20912e-16;159,762;67,75
5,28145e-16;158,164;67,8
4,51347e-16;156,583;67,85
3,87501e-16;155,017;67,9
3,34203e-16;153,467;67,95
2,89532e-16;151,932;68
2,51942e-16;150,413;68,05
2,20189e-16;148,909;68,1
1,93266e-16;147,419;68,15
1,70355e-16;145,945;68,2
1,50787e-16;144,486;68,25
1,34018e-16;143,041;68,3
1,19597e-16;141,611;68,35
1,07156e-16;140,194;68,4
9,63881e-17;138,792;68,45
8,70403e-17;137,405;68,5
7,8901e-17;136,031;68,55
7,17939e-17;134,67;68,6
6,55712e-17;133,323;68,65
6,01085e-17;131,99;68,7
5,53013e-17;130,67;68,75
5,1061e-17;129,364;68,8
4,73127e-17;128,07;68,85
4,39925e-17;126,789;68,9
4,10462e-17;125,521;68,95
3,84273e-17;124,266;69
3,60961e-17;123,024;69,05
3,40184e-17;121,793;69,1
3,2165e-17;120,575;69,15
3,05105e-17;119,37;69,2
2,9033e-17;118,176;69,25
2,77138e-17;116,994;69,3
2,65363e-17;115,824;69,35
2,54865e-17;114,666;69,4
2,45521e-17;113,519;69,45
2,37223e-17;112,384;69,5
2,29878e-17;111,26;69,55
2,23407e-17;110,148;69,6
2,17739e-17;109,046;69,65
2,12815e-17;107,956;69,7
2,08582e-17;106,876;69,75
2,04997e-17;105,807;69,8
2,0202e-17;104,749;69,85
1,99622e-17;103,702;69,9
1,97774e-17;102,665;69,95
1,96457e-17;101,638;70
1,95652e-17;100,622;70,05
1,95348e-17;99,6156;70,1
1,95536e-17;98,6194;70,15
1,96211e-17;97,6332;70,2
1,97371e-17;96,6569;70,25
1,99021e-17;95,6903;70,3
2,01165e-17;94,7334;70,35
2,03814e-17;93,7861;70,4
2,0698e-17;92,8482;70,45
2,10681e-17;91,9198;70,5
2,14937e-17;91,0006;70,55
2,19772e-17;90,0906;70,6
2,25217e-17;89,1897;70,65
2,31304e-17;88,2978;70,7
2,38071e-17;87,4148;70,75
2,45561e-17;86,5406;70,8
2,53824e-17;85,6752;70,85
2,62914e-17;84,8185;70,9
2,72892e-17;83,9703;70,95
2,83828e-17;83,1306;71
2,95798e-17;82,2993;71,05
3,08888e-17;81,4763;71,1
3,23192e-17;80,6615;71,15
3,38817e-17;79,8549;71,2
3,55881e-17;79,0564;71,25
3,74515e-17;78,2658;71,3
3,94864e-17;77,4831;71,35
4,17092e-17;76,7083;71,4
4,41379e-17;75,9412;71,45
4,67927e-17;75,1818;71,5
4,96959e-17;74,43;71,55
5,28727e-17;73,6857;71,6
5,6351e-17;72,9488;71,65
6,01619e-17;72,2193;71,7
6,43403e-17;71,4972;71,75
6,8925e-17;70,7822;71,8
7,39596e-17;70,0744;71,85
7,94928e-17;69,3736;71,9
8,55792e-17;68,6799;71,95
9,22801e-17;67,9931;72
9,96641e-17;67,3132;72,05
1,07808e-16;66,64;72,1
1,168e-16;65,9736;72,15
1,26735e-16;65,3139;72,2
1,37725e-16;64,6607;72,25
1,49893e-16;64,0141;72,3
1,63378e-16;63,374;72,35
1,78338e-16;62,7403;72,4
1,9495e-16;62,1129;72,45
2,13415e-16;61,4917;72,5
2,33961e-16;60,8768;72,55
2,56844e-16;60,268;72,6
2,82356e-16;59,6654;72,65
3,10828e-16;59,0687;72,7
3,42634e-16;58,478;72,75
3,78201e-16;57,8932;72,8
4,18013e-16;57,3143;72,85
4,62621e-16;56,7412;72,9
5,12653e-16;56,1738;72,95
5,68822e-16;55,612;73
6,31944e-16;55,0559;73,05
7,02949e-16;54,5053;73,1
7,829e-16;53,9603;73,15
8,73012e-16;53,4207;73,2
9,74672e-16;52,8865;73,25
1,08947e-15;52,3576;73,3
1,21924e-15;51,834;73,35
1,36605e-15;51,3157;73,4
1,53231e-15;50,8025;73,45
1,72078e-15;50,2945;73,5
1,93461e-15;49,7916;73,55
2,17744e-15;49,2936;73,6
2,45347e-15;48,8007;73,65
2,76751e-15;48,3127;73,7
3,12512e-15;47,8296;73,75
3,53272e-15;47,3513;73,8
3,9977e-15;46,8778;73,85
4,52862e-15;46,409;73,9
5,13535e-15;45,9449;73,95
5,82933e-15;45,4855;74
6,62379e-15;45,0306;74,05
7,53405e-15;44,5803;74,1
8,57789e-15;44,1345;74,15
9,77591e-15;43,6931;74,2
1,1152e-14;43,2562;74,25
1,27341e-14;42,8236;74,3
1,45543e-14;42,3954;74,35
1,66503e-14;41,9715;74,4
1,90657e-14;41,5517;74,45
2,18516e-14;41,1362;74,5
2,50673e-14;40,7249;74,55
2,8782e-14;40,3176;74,6
3,30764e-14;39,9144;74,65
3,80449e-14;39,5153;74,7
4,37978e-14;39,1201;74,75
5,04638e-14;38,7289;74,8
5,81937e-14;38,3417;74,85
6,7164e-14;37,9582;74,9
7,75815e-14;37,5787;74,95
8,96883e-14;37,2029;75
1,03769e-13;36,8308;75,05
1,20156e-13;36,4625;75,1
1,39242e-13;36,0979;75,15
1,61487e-13;35,7369;75,2
1,87431e-13;35,3796;75,25
2,17711e-13;35,0258;75,3
2,53075e-13;34,6755;75,35
2,94405e-13;34,3287;75,4
3,42739e-13;33,9855;75,45
3,99304e-13;33,6456;75,5
4,65543e-13;33,3091;75,55
5,43162e-13;32,9761;75,6
6,34174e-13;32,6463;75,65
7,40958e-13;32,3198;75,7
8,66329e-13;31,9966;75,75
1,01361e-12;31,6767;75,8
1,18675e-12;31,3599;75,85
1,39039e-12;31,0463;75,9
1,63007e-12;30,7358;75,95
1,91234e-12;30,4285;76
2,24495e-12;30,1242;76,05
2,63712e-12;29,823;76,1
3,09978e-12;29,5247;76,15
3,64592e-12;29,2295;76,2
4,29098e-12;28,9372;76,25
5,05331e-12;28,6478;76,3
5,95472e-12;28,3613;76,35
7,02119e-12;28,0777;76,4
8,28364e-12;27,7969;76,45
9,7789e-12;27,519;76,5
1,15509e-11;27,2438;76,55
1,36518e-11;26,9713;76,6
1,61443e-11;26,7016;76,65
1,91027e-11;26,4346;76,7
2,26159e-11;26,1703;76,75
2,67902e-11;25,9086;76,8
3,17525e-11;25,6495;76,85
3,76546e-11;25,393;76,9
4,46778e-11;25,1391;76,95
5,30394e-11;24,8877;77
6,29991e-11;24,6388;77,05
7,48684e-11;24,3924;77,1
8,90199e-11;24,1485;77,15
1,05901e-10;23,907;77,2
1,26046e-10;23,6679;77,25
1,501e-10;23,4312;77,3
1,78832e-10;23,1969;77,35
2,13169e-10;22,965;77,4
2,54223e-10;22,7353;77,45
3,03329e-10;22,508;77,5
3,62093e-10;22,2829;77,55
4,32446e-10;22,0601;77,6
5,16708e-10;21,8395;77,65
6,17673e-10;21,6211;77,7
7,38704e-10;21,4048;77,75
8,83851e-10;21,1908;77,8
1,05799e-09;20,9789;77,85
1,267e-09;20,7691;77,9
1,51796e-09;20,5614;77,95
1,81942e-09;20,3558;78
2,18169e-09;20,1522;78,05
2,6172e-09;19,9507;78,1
3,14096e-09;19,7512;78,15
3,77111e-09;19,5537;78,2
4,52954e-09;19,3582;78,25
5,44271e-09;19,1646;78,3
6,54262e-09;18,9729;78,35
7,86794e-09;18,7832;78,4
9,46547e-09;18,5954;78,45
1,13918e-08;18,4094;78,5
1,37155e-08;18,2253;78,55
1,65194e-08;18,0431;78,6
1,99041e-08;17,8626;78,65
2,39913e-08;17,684;78,7
2,89284e-08;17,5072;78,75
3,48944e-08;17,3321;78,8
4,2106e-08;17,1588;78,85
5,08263e-08;16,9872;78,9
6,13744e-08;16,8173;78,95
7,41376e-08;16,6491;79
8,95862e-08;16,4827;79,05
1,08291e-07;16,3178;79,1
1,30946e-07;16,1547;79,15
1,58394e-07;15,9931;79,2
1,9166e-07;15,8332;79,25
2,31988e-07;15,6748;79,3
2,80895e-07;15,5181;79,35
3,40221e-07;15,3629;79,4
4,12209e-07;15,2093;79,45
4,99588e-07;15,0572;79,5
6,05679e-07;14,9066;79,55
7,34527e-07;14,7576;79,6
8,91059e-07;14,61;79,65
1,08128e-06;14,4639;79,7
1,3125e-06;14,3192;79,75
1,59364e-06;14,176;79,8
1,93557e-06;14,0343;79,85
2,35155e-06;13,8939;79,9
2,85776e-06;13,755;79,95
3,47393e-06;13,6175;80
4,22414e-06;13,4813;80,05
5,13781e-06;13,3465;80,1
6,25084e-06;13,213;80,15
7,60707e-06;13,0809;80,2
9,26007e-06;12,9501;80,25
1,12753e-05;12,8206;80,3
1,37327e-05;12,6924;80,35
1,67301e-05;12,5654;80,4
2,03871e-05;12,4398;80,45
2,48499e-05;12,3154;80,5
3,02973e-05;12,1922;80,55
3,69481e-05;12,0703;80,6
4,50702e-05;11,9496;80,65
5,49913e-05;11,8301;80,7
6,71128e-05;11,7118;80,75
8,19259e-05;11,5947;80,8
0,000100033;11,4787;80,85
0,00012217;11,364;80,9
0,000149242;11,2503;80,95
0,000182355;11,1378;81
0,000222866;11,0264;81,05
0,000272439;10,9162;81,1
0,000333114;10,807;81,15
0,000407392;10,6989;81,2
0,000498343;10,5919;81,25
0,000609733;10,486;81,3
0,000746182;10,3812;81,35
0,000913362;10,2774;81,4
0,00111824;10,1746;81,45
0,00136935;10,0728;81,5
0,00167721;9,97211;81,55
0,00205469;9,87239;81,6
0,00251765;9,77366;81,65
0,00308555;9,67593;81,7
0,0037823;9,57917;81,75
0,0046373;9,48338;81,8
0,00568668;9,38854;81,85
0,00697487;9,29466;81,9
0,00855652;9,20172;81,95
0,0104988;9,1097;82
0,0128844;9,0186;82,05
0,015815;8,92842;82,1
0,0194158;8,83914;82,15
0,0238407;8,75075;82,2
0,0292793;8,66325;82,25
0,035965;8,57662;82,3
0,044185;8,49086;82,35
0,0542934;8,40596;82,4
0,0667258;8,32191;82,45
0,082019;8,2387;82,5
0,100834;8,15633;82,55
0,123987;8,07478;82,6
0,152481;7,99405;82,65
0,187554;7,91414;82,7
0,230731;7,83503;82,75
0,283894;7,75671;82,8
0,349363;7,67919;82,85
0,429996;7,60245;82,9
0,529323;7,52649;82,95
0,651694;7,45131;83
0,802478;7,37689;83,05
0,988297;7,30324;83,1
1,21733;7,23035;83,15
1,49965;7,15822;83,2
1,84773;7,08686;83,25
2,27693;7,01625;83,3
2,80622;6,94641;83,35
3,45904;6,87733;83,4
4,26433;6,80903;83,45
5,25782;6,74152;83,5
6,48367;6,67482;83,55
7,99639;6,60894;83,6
9,86337;6,5439;83,65
12,1678;6,47976;83,7
15,0127;6,41653;83,75
18,525;6,3543;83,8
22,862;6,29311;83,85
28,2179;6,23305;83,9
34,8326;6,17424;83,95
43,0031;6,1168;84
53,0963;6,06089;84,05
65,5658;6,00672;84,1
80,9727;5,95453;84,15
100,01;5,90463;84,2
123,537;5,85739;84,25
152,612;5,81329;84,3
188,547;5,7729;84,35
232,963;5,73694;84,4
287,862;5,7063;84,45
355,721;5,68209;84,5
439,598;5,66569;84,55
543,271;5,65885;84,6
671,403;5,66375;84,65
829,747;5,68316;84,7
1025,39;5,72064;84,75
1267,08;5,78075;84,8
1565,54;5,86944;84,85
1933,95;5,99452;84,9
2388,45;6,16644;84,95
2948,75;6,39934;85
3638,76;6,71275;85,05
4487,38;7,13414;85,1
5529,19;7,70307;85,15
6805,01;8,47788;85,2
8362,04;9,54694;85,25
10253;11,0481;85,3
12533;13,2031;85,35
15252,6;16,3806;85,4
18441,1;21,2137;85,45
22073,4;28,8257;85,5
26001;41,2631;85,55
29819,1;62,3081;85,6
32628,9;98,8443;85,65
32723,2;162,36;85,7
27621,7;266,994;85,75
16090;411,821;85,8
3547;540,227;85,85
-356,713;573,148;85,9
65,2326;563,328;85,95
-10,3276;558,43;86
1,5086;552,73;86,05
-0,198871;547,219;86,1
0,0234764;541,745;86,15
-0,00245006;536,328;86,2
0,000222513;530,965;86,25
-1,7225e-05;525,655;86,3
1,10477e-06;520,398;86,35
-5,63385e-08;515,194;86,4
2,14007e-09;510,042;86,45
-5,37285e-11;504,942;86,5
6,63813e-13;499,893;86,55
1,783e-16;494,894;86,6
2,27616e-18;489,945;86,65
5,72186e-20;485,045;86,7
2,13922e-21;480,195;86,75
1,05919e-22;475,393;86,8
6,51594e-24;470,639;86,85
4,78287e-25;465,933;86,9
4,07351e-26;461,273;86,95
3,94385e-27;456,66;87
4,27311e-28;452,094;87,05
5,11771e-29;447,573;87,1
6,70766e-30;443,097;87,15
9,54212e-31;438,666;87,2
1,46313e-31;434,28;87,25
2,40395e-32;429,937;87,3
4,21071e-33;425,637;87,35
7,82798e-34;421,381;87,4
1,53857e-34;417,167;87,45
3,1861e-35;412,996;87,5
6,93012e-36;408,866;87,55
1,57893e-36;404,777;87,6
3,75876e-37;400,729;87,65
9,32839e-38;396,722;87,7
2,40855e-38;392,755;87,75
6,45764e-39;388,827;87,8
1,79478e-39;384,939;87,85
5,16275e-40;381,089;87,9
1,53476e-40;377,279;87,95
4,70871e-41;373,506;88
1,48906e-41;369,771;88,05
4,84799e-42;366,073;88,1
1,62319e-42;362,412;88,15
5,58328e-43;358,788;88,2
1,97106e-43;355,2;88,25
7,13523e-44;351,648;88,3
2,64631e-44;348,132;88,35
1,00473e-44;344,65;88,4
3,90209e-45;341,204;88,45
1,54909e-45;337,792;88,5
6,28188e-46;334,414;88,55
2,60048e-46;331,07;88,6
1,09825e-46;327,759;88,65
4,72908e-47;324,482;88,7
2,0751e-47;321,237;88,75
9,2738e-48;318,024;88,8
4,21901e-48;314,844;88,85
1,95294e-48;311,696;88,9
9,19366e-49;308,579;88,95
4,39965e-49;305,493;89
2,13941e-49;302,438;89,05
1,05666e-49;299,414;89,1
5,29881e-50;296,42;89,15
2,69684e-50;293,455;89,2
1,39254e-50;290,521;89,25
7,29272e-51;287,616;89,3
3,87215e-51;284,739;89,35
2,08381e-51;281,892;89,4
1,13624e-51;279,073;89,45
6,27563e-52;276,282;89,5
3,50992e-52;273,52;89,55
1,98732e-52;270,784;89,6
1,13881e-52;268,076;89,65
6,60294e-53;265,396;89,7
3,87269e-53;262,742;89,75
2,29707e-53;260,114;89,8
1,37759e-53;257,513;89,85
8,35116e-54;254,938;89,9
5,11638e-54;252,389;89,95
3,16718e-54;249,865;90
1,98056e-54;247,366;90,05
1,25089e-54;244,893;90,1
7,97779e-55;242,444;90,15
5,13683e-55;240,019;90,2
3,33869e-55;237,619;90,25
2,19002e-55;235,243;90,3
1,44956e-55;232,89;90,35
9,6798e-56;230,561;90,4
6,52028e-56;228,256;90,45
4,42962e-56;225,973;90,5
3,03459e-56;223,714;90,55
2,09604e-56;221,476;90,6
1,45949e-56;219,262;90,65
1,02434e-56;217,069;90,7
7,24542e-57;214,898;90,75
5,1642e-57;212,749;90,8
3,70855e-57;210,622;90,85
2,68293e-57;208,516;90,9
1,95508e-57;206,43;90,95
1,43488e-57;204,366;91
1,0605e-57;202,323;91,05
7,89217e-58;200,299;91,1
5,91322e-58;198,296;91,15
4,4601e-58;196,313;91,2
3,38619e-58;194,35;91,25
2,58747e-58;192,407;91,3
1,98972e-58;190,483;91,35
1,53963e-58;188,578;91,4
1,19869e-58;186,692;91,45
9,38897e-59;184,825;91,5
7,39792e-59;182,977;91,55
5,86328e-59;181,147;91,6
4,67381e-59;179,336;91,65
3,74681e-59;177,542;91,7
3,02047e-59;175,767;91,75
2,44834e-59;174,009;91,8
1,99534e-59;172,269;91,85
1,63484e-59;170,546;91,9
1,34651e-59;168,841;91,95
1,11477e-59;167,153;92
9,27622e-60;165,481;92,05
7,75768e-60;163,826;92,1
6,51982e-60;162,188;92,15
5,50619e-60;160,566;92,2
4,67247e-60;158,96;92,25
3,98374e-60;157,371;92,3
3,41237e-60;155,797;92,35
2,93637e-60;154,239;92,4
2,5382e-60;152,697;92,45
2,20381e-60;151,17;92,5
1,92189e-60;149,658;92,55
1,6833e-60;148,161;92,6
1,48062e-60;146,68;92,65
1,30784e-60;145,213;92,7
1,16001e-60;143,761;92,75
1,0331e-60;142,323;92,8
9,2379e-61;140,9;92,85
8,29332e-61;139,491;92,9
7,47454e-61;138,096;92,95
6,76266e-61;136,715;93
6,14193e-61;135,348;93,05
5,59917e-61;133,995;93,1
5,12332e-61;132,655;93,15
4,70507e-61;131,328;93,2
4,33656e-61;130,015;93,25
4,01116e-61;128,715;93,3
3,72321e-61;127,427;93,35
3,46792e-61;126,153;93,4
3,24118e-61;124,892;93,45
3,03948e-61;123,643;93,5
2,85982e-61;122,406;93,55
2,69963e-61;121,182;93,6
2,55667e-61;119,97;93,65
2,42902e-61;118,771;93,7
2,31504e-61;117,583;93,75
2,21327e-61;116,407;93,8
2,12249e-61;115,243;93,85
2,04161e-61;114,091;93,9
1,96969e-61;112,95;93,95
1,90592e-61;111,82;94
1,8496e-61;110,702;94,05
1,80011e-61;109,595;94,1
1,75693e-61;108,499;94,15
1,7196e-61;107,414;94,2
1,68773e-61;106,34;94,25
1,66098e-61;105,277;94,3
1,63907e-61;104,224;94,35
1,62176e-61;103,182;94,4
1,60886e-61;102,15;94,45
1,60021e-61;101,128;94,5
1,5957e-61;100,117;94,55
1,59523e-61;99,1158;94,6
1,59876e-61;98,1247;94,65
1,60625e-61;97,1434;94,7
1,61772e-61;96,172;94,75
1,63321e-61;95,2103;94,8
1,65276e-61;94,2582;94,85
1,67649e-61;93,3156;94,9
1,7045e-61;92,3824;94,95
1,73696e-61;91,4586;95
1,77405e-61;90,544;95,05
1,81599e-61;89,6386;95,1
1,86303e-61;88,7422;95,15
1,91547e-61;87,8548;95,2
1,97363e-61;86,9762;95,25
2,03789e-61;86,1065;95,3
2,10867e-61;85,2454;95,35
2,18645e-61;84,3929;95,4
2,27176e-61;83,549;95,45
2,36519e-61;82,7135;95,5
2,46741e-61;81,8864;95,55
2,57914e-61;81,0675;95,6
2,70122e-61;80,2568;95,65
2,83454e-61;79,4543;95,7
2,98014e-61;78,6597;95,75
3,13913e-61;77,8731;95,8
3,31278e-61;77,0944;95,85
3,50248e-61;76,3235;95,9
3,7098e-61;75,5602;95,95
3,93646e-61;74,8046;96
4,18441e-61;74,0566;96,05
4,45581e-61;73,316;96,1
4,75306e-61;72,5829;96,15
5,07884e-61;71,857;96,2
5,43618e-61;71,1385;96,25
5,82842e-61;70,4271;96,3
6,25933e-61;69,7228;96,35
6,73312e-61;69,0256;96,4
7,2545e-61;68,3353;96,45
7,82878e-61;67,652;96,5
8,46189e-61;66,9754;96,55
9,16052e-61;66,3057;96,6
9,93216e-61;65,6426;96,65
1,07853e-60;64,9862;96,7
1,17294e-60;64,3363;96,75
1,27751e-60;63,693;96,8
1,39347e-60;63,056;96,85
1,52217e-60;62,4255;96,9
1,66516e-60;61,8012;96,95
1,82418e-60;61,1832;97
2,0012e-60;60,5714;97,05
2,19846e-60;59,9657;97,1
2,41849e-60;59,366;97,15
2,66417e-60;58,7724;97,2
2,93877e-60;58,1846;97,25
3,24598e-60;57,6028;97,3
3,59003e-60;57,0268;97,35
3,97572e-60;56,4565;97,4
4,40852e-60;55,8919;97,45
4,89464e-60;55,333;97,5
5,44122e-60;54,7797;97,55
6,05635e-60;54,2319;97,6
6,74932e-60;53,6896;97,65
7,53073e-60;53,1527;97,7
8,41272e-60;52,6211;97,75
9,40918e-60;52,0949;97,8
1,0536e-59;51,574;97,85
1,18116e-59;51,0582;97,9
1,32568e-59;50,5477;97,95
1,48957e-59;50,0422;98
1,67561e-59;49,5418;98,05
1,88699e-59;49,0463;98,1
2,12736e-59;48,5559;98,15
2,40096e-59;48,0703;98,2
2,71266e-59;47,5896;98,25
3,06809e-59;47,1137;98,3
3,47374e-59;46,6426;98,35
3,93711e-59;46,1762;98,4
4,46689e-59;45,7144;98,45
5,07311e-59;45,2573;98,5
5,7674e-59;44,8047;98,55
6,56323e-59;44,3566;98,6
7,47623e-59;43,9131;98,65
8,52453e-59;43,4739;98,7
9,72917e-59;43,0392;98,75
1,11146e-58;42,6088;98,8
1,27093e-58;42,1827;98,85
1,45464e-58;41,7609;98,9
1,66643e-58;41,3433;98,95
1,9108e-58;40,9298;99
2,19298e-58;40,5205;99,05
2,51907e-58;40,1153;99,1
2,8962e-58;39,7142;99,15
3,3327e-58;39,317;99,2
3,8383e-58;38,9239;99,25
4,42437e-58;38,5346;99,3
5,10423e-58;38,1493;99,35
5,89348e-58;37,7678;99,4
6,81039e-58;37,3901;99,45
7,87639e-58;37,0162;99,5
9,1166e-58;36,6461;99,55
1,05605e-57;36,2796;99,6
1,22428e-57;35,9168;99,65
1,42042e-57;35,5576;99,7
1,64926e-57;35,2021;99,75
1,91643e-57;34,85;99,8
2,22857e-57;34,5015;99,85
2,59349e-57;34,1565;99,9
3,02041e-57;33,815;99,95
3,52017e-57;33,4768;100
4,1056e-57;33,142;100,05
4,79183e-57;32,8106;100,1
5,59673e-57;32,4825;100,15
6,54143e-57;32,1577;100,2
7,65089e-57;31,8361;100,25
8,95468e-57;31,5177;100,3
1,04878e-56;31,2026;100,35
1,22916e-56;30,8905;100,4
1,44153e-56;30,5816;100,45
1,6917e-56;30,2758;100,5
1,98658e-56;29,9731;100,55
2,33436e-56;29,6733;100,6
2,74478e-56;29,3766;100,65
3,2294e-56;29,0828;100,7
3,80195e-56;28,792;100,75
4,47877e-56;28,5041;100,8
5,2793e-56;28,219;100,85
6,22668e-56;27,9369;100,9
7,34847e-56;27,6575;100,95
8,67749e-56;27,3809;101
1,02529e-55;27,1071;101,05
1,21213e-55;26,836;101,1
1,43384e-55;26,5677;101,15
1,69706e-55;26,302;101,2
2,00974e-55;26,039;101,25
2,38134e-55;25,7786;101,3
2,82321e-55;25,5208;101,35
3,34889e-55;25,2656;101,4
3,97458e-55;25,0129;101,45
4,71968e-55;24,7628;101,5
5,60742e-55;24,5152;101,55
6,66561e-55;24,27;101,6
7,92758e-55;24,0273;101,65
9,43327e-55;23,7871;101,7
1,12306e-54;23,5492;101,75
1,33771e-54;23,3137;101,8
1,59417e-54;23,0806;101,85
1,90073e-54;22,8497;101,9
2,26733e-54;22,6213;101,95
2,70594e-54;22,395;102
3,23092e-54;22,1711;102,05
3,85957e-54;21,9494;102,1
4,61267e-54;21,7299;102,15
5,51526e-54;21,5126;102,2
6,59746e-54;21,2975;102,25
7,89555e-54;21,0845;102,3
9,45325e-54;20,8736;102,35
1,13233e-53;20,6649;102,4
1,35691e-53;20,4583;102,45
1,62674e-53;20,2537;102,5
1,95105e-53;20,0511;102,55
2,34101e-53;19,8506;102,6
2,81009e-53;19,6521;102,65
3,37455e-53;19,4556;102,7
4,05405e-53;19,261;102,75
4,87235e-53;19,0684;102,8
5,85817e-53;18,8777;102,85
7,04624e-53;18,689;102,9
8,47859e-53;18,5021;102,95
1,02061e-52;18,3171;103
1,22902e-52;18,1339;103,05
1,48056e-52;17,9525;103,1
1,78425e-52;17,773;103,15
2,15103e-52;17,5953;103,2
2,59417e-52;17,4193;103,25
3,12974e-52;17,2451;103,3
3,77724e-52;17,0727;103,35
4,56033e-52;16,902;103,4
5,50772e-52;16,7329;103,45
6,65425e-52;16,5656;103,5
8,04223e-52;16,4;103,55
9,72306e-52;16,236;103,6
1,17592e-51;16,0736;103,65
1,42264e-51;15,9129;103,7
1,72171e-51;15,7537;103,75
2,08433e-51;15,5962;103,8
2,52414e-51;15,4402;103,85
3,05774e-51;15,2858;103,9
3,70533e-51;15,133;103,95
4,49148e-51;14,9816;104
5,44612e-51;14,8318;104,05
6,60571e-51;14,6835;104,1
8,01465e-51;14,5367;104,15
9,72705e-51;14,3913;104,2
1,18088e-50;14,2474;104,25
1,43404e-50;14,1049;104,3
1,74199e-50;13,9639;104,35
2,11667e-50;13,8242;104,4
2,57269e-50;13,686;104,45
3,12783e-50;13,5491;104,5
3,80384e-50;13,4136;104,55
4,62725e-50;13,2795;104,6
5,63044e-50;13,1467;104,65
6,853e-50;13,0152;104,7
8,34326e-50;12,8851;104,75
1,01603e-49;12,7562;104,8
1,23764e-49;12,6287;104,85
1,50797e-49;12,5024;104,9
1,83783e-49;12,3774;104,95
2,24042e-49;12,2536;105
2,7319e-49;12,1311;105,05
3,33202e-49;12,0097;105,1
4,06498e-49;11,8896;105,15
4,9604e-49;11,7708;105,2
6,05453e-49;11,653;105,25
7,39177e-49;11,5365;105,3
9,02653e-49;11,4212;105,35
1,10254e-48;11,3069;105,4
1,34701e-48;11,1939;105,45
1,64607e-48;11,0819;105,5
2,01198e-48;10,9711;105,55
2,4598e-48;10,8614;105,6
3,00795e-48;10,7528;105,65
3,67908e-48;10,6453;105,7
4,50094e-48;10,5388;105,75
5,50759e-48;10,4334;105,8
6,74083e-48;10,3291;105,85
8,25197e-48;10,2258;105,9
1,0104e-47;10,1235;105,95
1,23743e-47;10,0223;106
1,51578e-47;9,92208;106,05
1,85713e-47;9,82286;106,1
2,2758e-47;9,72463;106,15
2,78942e-47;9,62738;106,2
3,41964e-47;9,53111;106,25
4,19307e-47;9,4358;106,3
5,14243e-47;9,34144;106,35
6,30794e-47;9,24802;106,4
7,73908e-47;9,15554;106,45
9,49672e-47;9,06399;106,5
1,16557e-46;8,97335;106,55
1,43081e-46;8,88361;106,6
1,75674e-46;8,79478;106,65
2,1573e-46;8,70683;106,7
2,64967e-46;8,61976;106,75
3,25499e-46;8,53356;106,8
3,99929e-46;8,44823;106,85
4,91465e-46;8,36375;106,9
6,04055e-46;8,28011;106,95
7,42564e-46;8,19731;107
9,12988e-46;8,11534;107,05
1,12271e-45;8,03418;107,1
1,38084e-45;7,95384;107,15
1,69859e-45;7,8743;107,2
2,0898e-45;7,79556;107,25
2,57152e-45;7,7176;107,3
3,16479e-45;7,64043;107,35
3,89554e-45;7,56402;107,4
4,79576e-45;7,48838;107,45
5,90492e-45;7,4135;107,5
7,2717e-45;7,33936;107,55
8,95621e-45;7,26597;107,6
1,10326e-44;7,19331;107,65
1,35923e-44;7,12138;107,7
1,67484e-44;7,05016;107,75
2,06403e-44;6,97966;107,8
2,54402e-44;6,90987;107,85
3,13608e-44;6,84077;107,9
3,86647e-44;6,77236;107,95
4,76762e-44;6,70464;108
5,87961e-44;6,63759;108,05
7,25195e-44;6,57121;108,1
8,9458e-44;6,5055;108,15
1,10368e-43;6,44045;108,2
1,36182e-43;6,37604;108,25
1,68057e-43;6,31228;108,3
2,0742e-43;6,24916;108,35
2,56034e-43;6,18667;108,4
3,16083e-43;6,1248;108,45
3,90263e-43;6,06355;108,5
4,81913e-43;6,00292;108,55
5,95159e-43;5,94289;108,6
7,35107e-43;5,88346;108,65
9,08071e-43;5,82462;108,7
1,12187e-42;5,76638;108,75
1,38616e-42;5,70871;108,8
1,71292e-42;5,65163;108,85
2,11694e-42;5,59511;108,9
2,61657e-42;5,53916;108,95
3,23448e-42;5,48377;109
3,99875e-42;5,42893;109,05
4,94417e-42;5,37464;109,1
6,11378e-42;5,32089;109,15
7,56089e-42;5,26769;109,2
9,35155e-42;5,21501;109,25
1,15675e-41;5,16286;109,3
1,43101e-41;5,11123;109,35
1,77048e-41;5,06012;109,4
2,1907e-41;5,00952;109,45
2,71094e-41;4,95942;109,5
3,35506e-41;4,90983;109,55
4,15264e-41;4,86073;109,6
5,14034e-41;4,81212;109,65
6,36358e-41;4,764;109,7
7,87869e-41;4,71636;109,75
9,75546e-41;4,6692;109,8
1,20805e-40;4,6225;109,85
1,4961e-40;4,57628;109,9
1,853e-40;4,53052;109,95
2,29527e-40;4,48521;110
2,84335e-40;4,44036;110,05
3,52262e-40;4,39596;110,1
4,36456e-40;4,352;110,15
5,40822e-40;4,30848;110,2
6,70202e-40;4,26539;110,25
8,30606e-40;4,22274;110,3
1,02949e-39;4,18051;110,35
1,2761e-39;4,13871;110,4
1,58192e-39;4,09732;110,45
1,9612e-39;4,05635;110,5
2,43161e-39;4,01578;110,55
3,0151e-39;3,97562;110,6
3,73891e-39;3,93587;110,65
4,63685e-39;3,89651;110,7
5,75089e-39;3,85754;110,75
7,13315e-39;3,81897;110,8
8,84834e-39;3,78078;110,85
1,09768e-38;3,74297;110,9
1,36183e-38;3,70554;110,95
1,68967e-38;3,66849;111
2,09659e-38;3,6318;111,05
2,6017e-38;3,59548;111,1
3,22874e-38;3,55953;111,15
4,00719e-38;3,52393;111,2
4,97369e-38;3,48869;111,25
6,17373e-38;3,45381;111,3
7,66385e-38;3,41927;111,35
9,51431e-38;3,38508;111,4
1,18124e-37;3,35122;111,45
1,46665e-37;3,31771;111,5
1,82115e-37;3,28454;111,55
2,26148e-37;3,25169;111,6
2,80847e-37;3,21917;111,65
3,48798e-37;3,18698;111,7
4,33218e-37;3,15511;111,75
5,38106e-37;3,12356;111,8
6,6843e-37;3,09233;111,85
8,3037e-37;3,0614;111,9
1,03161e-36;3,03079;111,95
1,28169e-36;3,00048;112
1,5925e-36;2,97048;112,05
1,9788e-36;2,94077;112,1
2,45895e-36;2,91136;112,15
3,05579e-36;2,88225;112,2
3,79772e-36;2,85343;112,25
4,72006e-36;2,82489;112,3
5,86675e-36;2,79664;112,35
7,29242e-36;2,76868;112,4
9,06504e-36;2,74099;112,45
1,12692e-35;2,71358;112,5
1,401e-35;2,68644;112,55
1,74184e-35;2,65958;112,6
2,16572e-35;2,63298;112,65
2,6929e-35;2,60665;112,7
3,34858e-35;2,58059;112,75
4,16412e-35;2,55478;112,8
5,17855e-35;2,52923;112,85
6,44044e-35;2,50394;112,9
8,01024e-35;2,4789;112,95
9,96316e-35;2,45411;113
1,23928e-34;2,42957;113,05
1,54158e-34;2,40528;113,1
1,9177e-34;2,38122;113,15
2,38571e-34;2,35741;113,2
2,96807e-34;2,33384;113,25
3,69278e-34;2,3105;113,3
4,59464e-34;2,28739;113,35
5,71702e-34;2,26452;113,4
7,11391e-34;2,24187;113,45
8,85252e-34;2,21946;113,5
1,10165e-33;2,19726;113,55
1,37102e-33;2,17529;113,6
1,70631e-33;2,15354;113,65
2,1237e-33;2,132;113,7
2,64331e-33;2,11068;113,75
3,29019e-33;2,08957;113,8
4,09555e-33;2,06868;113,85
5,09826e-33;2,04799;113,9
6,34672e-33;2,02751;113,95
7,90123e-33;2,00724;114
9,83689e-33;1,98716;114,05
1,22472e-32;1,96729;114,1
1,52488e-32;1,94762;114,15
1,89868e-32;1,92814;114,2
2,36419e-32;1,90886;114,25
2,94396e-32;1,88977;114,3
3,66604e-32;1,87088;114,35
4,56541e-32;1,85217;114,4
5,68562e-32;1,83365;114,45
7,08096e-32;1,81531;114,5
8,81906e-32;1,79716;114,55
1,09842e-31;1,77918;114,6
1,36814e-31;1,76139;114,65
1,70415e-31;1,74378;114,7
2,12276e-31;1,72634;114,75
2,64429e-31;1,70908;114,8
3,29406e-31;1,69199;114,85
4,10364e-31;1,67507;114,9
5,11237e-31;1,65832;114,95
6,36927e-31;1,64173;115
7,93544e-31;1,62532;115,05
9,88706e-31;1,60906;115,1
1,2319e-30;1,59297;115,15
1,53497e-30;1,57704;115,2
1,91267e-30;1,56127;115,25
2,38337e-30;1,54566;115,3
2,97e-30;1,5302;115,35
3,70114e-30;1,5149;115,4
4,61241e-30;1,49975;115,45
5,74821e-30;1,48475;115,5
7,16393e-30;1,46991;115,55
8,92859e-30;1,45521;115,6
1,11283e-29;1,44065;115,65
1,38702e-29;1,42625;115,7
1,72883e-29;1,41199;115,75
2,15494e-29;1,39787;115,8
2,68614e-29;1,38389;115,85
3,34839e-29;1,37005;115,9
4,17401e-29;1,35635;115,95
5,20336e-29;1,34278;116
6,48674e-29;1,32936;116,05
8,08686e-29;1,31606;116,1
1,0082e-28;1,3029;116,15
1,25696e-28;1,28987;116,2
1,56715e-28;1,27697;116,25
1,95393e-28;1,2642;116,3
2,43624e-28;1,25156;116,35
3,03768e-28;1,23905;116,4
3,78769e-28;1,22666;116,45
4,723e-28;1,21439;116,5
5,88941e-28;1,20225;116,55
7,34406e-28;1,19022;116,6
9,15822e-28;1,17832;116,65
1,14208e-27;1,16654;116,7
1,42427e-27;1,15487;116,75
1,77622e-27;1,14332;116,8
2,2152e-27;1,13189;116,85
2,76274e-27;1,12057;116,9
3,44568e-27;1,10937;116,95
4,29754e-27;1,09827;117
5,36013e-27;1,08729;117,05
6,68559e-27;1,07642;117,1
8,339e-27;1,06565;117,15
1,04015e-26;1,055;117,2
1,29745e-26;1,04445;117,25
1,61842e-26;1,034;117,3
2,01884e-26;1,02366;117,35
2,51839e-26;1,01343;117,4
3,14161e-26;1,00329;117,45
3,91913e-26;0,993258;117,5
4,88918e-26;0,983326;117,55
6,09945e-26;0,973492;117,6
7,60947e-26;0,963757;117,65
9,49351e-26;0,95412;117,7
1,18442e-25;0,944579;117,75
1,47773e-25;0,935133;117,8
1,84371e-25;0,925781;117,85
2,30037e-25;0,916524;117,9
2,87019e-25;0,907358;117,95
3,58123e-25;0,898285;118
4,4685e-25;0,889302;118,05
5,57569e-25;0,880409;118,1
6,95734e-25;0,871605;118,15
8,68151e-25;0,862889;118,2
1,08332e-24;0,85426;118,25
1,35183e-24;0,845717;118,3
1,68693e-24;0,83726;118,35
2,10513e-24;0,828888;118,4
2,62705e-24;0,820599;118,45
3,27843e-24;0,812393;118,5
4,09138e-24;0,804269;118,55
5,106e-24;0,796226;118,6
6,37233e-24;0,788264;118,65
7,95285e-24;0,780381;118,7
9,92555e-24;0,772577;118,75
1,23878e-23;0,764852;118,8
1,5461e-23;0,757203;118,85
1,9297e-23;0,749631;118,9
2,40851e-23;0,742135;118,95
3,00617e-23;0,734713;119
3,75219e-23;0,727366;119,05
4,68341e-23;0,720093;119,1
5,84584e-23;0,712892;119,15
7,29688e-23;0,705763;119,2
9,10822e-23;0,698705;119,25
1,13694e-22;0,691718;119,3
1,4192e-22;0,684801;119,35
1,77158e-22;0,677953;119,4
2,21147e-22;0,671173;119,45
2,76062e-22;0,664462;119,5
3,44619e-22;0,657817;119,55
4,30208e-22;0,651239;119,6
5,37059e-22;0,644726;119,65
6,70458e-22;0,638279;119,7
8,37003e-22;0,631896;119,75
1,04493e-21;0,625577;119,8
1,30453e-21;0,619322;119,85
1,62864e-21;0,613128;119,9
2,03331e-21;0,606997;119,95
2,53855e-21;0,600927;120
3,16937e-21;0,594918;120,05
3,957e-21;0,588969;120,1
4,94042e-21;0,583079;120,15
6,16833e-21;0,577248;120,2
7,70151e-21;0,571476;120,25
9,61588e-21;0,565761;120,3
1,20063e-20;0,560103;120,35
1,4991e-20;0,554502;120,4
1,8718e-20;0,548957;120,45
2,33718e-20;0,543468;120,5
2,9183e-20;0,538033;120,55
3,64395e-20;0,532653;120,6
4,55008e-20;0,527326;120,65
5,6816e-20;0,522053;120,7
7,09459e-20;0,516832;120,75
8,85907e-20;0,511664;120,8
1,10625e-19;0,506547;120,85
1,38141e-19;0,501482;120,9
1,72503e-19;0,496467;120,95
2,15415e-19;0,491503;121
2,69004e-19;0,486587;121,05
3,35928e-19;0,481722;121,1
4,19505e-19;0,476904;121,15
5,23881e-19;0,472135;121,2
6,54233e-19;0,467414;121,25
8,17027e-19;0,46274;121,3
1,02034e-18;0,458112;121,35
1,27425e-18;0,453531;121,4
1,59137e-18;0,448996;121,45
1,98743e-18;0,444506;121,5
2,48208e-18;0,440061;121,55
3,09987e-18;0,43566;121,6
3,87146e-18;0,431304;121,65
4,83515e-18;0,426991;121,7
6,03878e-18;0,422721;121,75
7,54209e-18;0,418494;121,8
9,41972e-18;0,414309;121,85
1,17649e-17;0,410166;121,9
1,46941e-17;0,406064;121,95
1,83527e-17;0,402003;122
2,29224e-17;0,397983;122,05
2,86302e-17;0,394003;122,1
3,57595e-17;0,390063;122,15
4,46645e-17;0,386163;122,2
5,57875e-17;0,382301;122,25
6,96811e-17;0,378478;122,3
8,70354e-17;0,374693;122,35
1,08713e-16;0,370946;122,4
1,3579e-16;0,367237;122,45
1,69613e-16;0,363565;122,5
2,11862e-16;0,359929;122,55
2,64637e-16;0,35633;122,6
3,3056e-16;0,352766;122,65
4,12909e-16;0,349239;122,7
5,15776e-16;0,345746;122,75
6,44274e-16;0,342289;122,8
8,04791e-16;0,338866;122,85
1,00531e-15;0,335477;122,9
1,25579e-15;0,332123;122,95
1,5687e-15;0,328801;123
1,95958e-15;0,325513;123,05
2,44788e-15;0,322258;123,1
3,05788e-15;0,319036;123,15
3,81991e-15;0,315845;123,2
4,77187e-15;0,312687;123,25
5,96111e-15;0,30956;123,3
7,44677e-15;0,306464;123,35
9,30276e-15;0,3034;123,4
1,16214e-14;0,300366;123,45
1,4518e-14;0,297362;123,5
1,81367e-14;0,294388;123,55
2,26575e-14;0,291445;123,6
2,83054e-14;0,28853;123,65
3,53614e-14;0,285645;123,7
4,41765e-14;0,282788;123,75
5,51893e-14;0,27996;123,8
6,8948e-14;0,277161;123,85
8,61373e-14;0,274389;123,9
1,07613e-13;0,271645;123,95
1,34443e-13;0,268929;124
1,67963e-13;0,26624;124,05
2,09842e-13;0,263577;124,1
2,62164e-13;0,260941;124,15
3,27534e-13;0,258332;124,2
4,09206e-13;0,255749;124,25
5,11246e-13;0,253191;124,3
6,38733e-13;0,250659;124,35
7,98016e-13;0,248153;124,4
9,97025e-13;0,245671;124,45
1,24567e-12;0,243214;124,5
1,55633e-12;0,240782;124,55
1,94447e-12;0,238374;124,6
2,42943e-12;0,235991;124,65
3,03536e-12;0,233631;124,7
3,79243e-12;0,231295;124,75
4,73834e-12;0,228982;124,8
5,92021e-12;0,226692;124,85
7,39691e-12;0,224425;124,9
9,24199e-12;0,222181;124,95
1,15474e-11;0,219959;125
1,44278e-11;0,217759;125,05
1,8027e-11;0,215582;125,1
2,2524e-11;0,213426;125,15
2,81429e-11;0,211292;125,2
3,51638e-11;0,209179;125,25
4,39364e-11;0,207087;125,3
5,48977e-11;0,205016;125,35
6,8594e-11;0,202966;125,4
8,57077e-11;0,200936;125,45
1,07092e-10;0,198927;125,5
1,33811e-10;0,196938;125,55
1,67198e-10;0,194968;125,6
2,08916e-10;0,193018;125,65
2,61044e-10;0,191088;125,7
3,26181e-10;0,189177;125,75
4,07572e-10;0,187286;125,8
5,09274e-10;0,185413;125,85
6,36356e-10;0,183559;125,9
7,95154e-10;0,181723;125,95
9,93581e-10;0,179906;126
1,24153e-09;0,178107;126,05
1,55136e-09;0,176326;126,1
1,93851e-09;0,174562;126,15
2,4223e-09;0,172817;126,2
3,02682e-09;0,171089;126,25
3,78224e-09;0,169378;126,3
4,72619e-09;0,167684;126,35
5,90576e-09;0,166007;126,4
7,37975e-09;0,164347;126,45
9,22165e-09;0,162704;126,5
1,15233e-08;0,161077;126,55
1,43995e-08;0,159466;126,6
1,79936e-08;0,157871;126,65
2,2485e-08;0,156292;126,7
2,80974e-08;0,15473;126,75
3,51109e-08;0,153182;126,8
4,38752e-08;0,15165;126,85
5,48273e-08;0,150134;126,9
6,85136e-08;0,148633;126,95
8,56165e-08;0,147146;127
1,06989e-07;0,145675;127,05
1,33697e-07;0,144218;127,1
1,67074e-07;0,142776;127,15
2,08782e-07;0,141348;127,2
2,60904e-07;0,139935;127,25
3,26039e-07;0,138535;127,3
4,07436e-07;0,13715;127,35
5,09155e-07;0,135778;127,4
6,36271e-07;0,134421;127,45
7,95125e-07;0,133076;127,5
9,93642e-07;0,131746;127,55
1,24172e-06;0,130428;127,6
1,55175e-06;0,129124;127,65
1,93919e-06;0,127833;127,7
2,42336e-06;0,126554;127,75
3,02844e-06;0,125289;127,8
3,7846e-06;0,124036;127,85
4,72958e-06;0,122796;127,9
5,91052e-06;0,121568;127,95
7,38635e-06;0,120352;128
9,23072e-06;0,119148;128,05
1,15356e-05;0,117957;128,1
1,44162e-05;0,116777;128,15
1,8016e-05;0,11561;128,2
2,25148e-05;0,114453;128,25
2,8137e-05;0,113309;128,3
3,51633e-05;0,112176;128,35
4,39443e-05;0,111054;128,4
5,49182e-05;0,109944;128,45
6,86326e-05;0,108844;128,5
8,57721e-05;0,107756;128,55
0,000107192;0,106678;128,6
0,000133961;0,105611;128,65
0,000167416;0,104555;128,7
0,000209227;0,10351;128,75
0,000261479;0,102475;128,8
0,000326782;0,10145;128,85
0,000408395;0,100435;128,9
0,000510391;0,099431;128,95
0,000637862;0,0984367;129
0,00079717;0,0974523;129,05
0,000996269;0,0964778;129,1
0,0012451;0,095513;129,15
0,00155607;0,0945579;129,2
0,00194472;0,0936123;129,25
0,00243045;0,0926762;129,3
0,0030375;0,0917494;129,35
0,00379617;0,0908319;129,4
0,00474436;0,0899236;129,45
0,00592938;0,0890244;129,5
0,0074104;0,0881342;129,55
0,00926137;0,0872528;129,6
0,0115747;0,0863803;129,65
0,0144659;0,0855165;129,7
0,0180792;0,0846614;129,75
0,0225952;0,0838148;129,8
0,0282393;0,0829767;129,85
0,0352933;0,082147;129,9
0,0441093;0,0813256;129,95
0,0551277;0,0805124;130
0,0688985;0,0797074;130,05
0,0861094;0,0789104;130,1
0,10762;0,0781214;130,15
0,134504;0,0773404;130,2
0,168104;0,0765672;130,25
0,210097;0,0758018;130,3
0,262582;0,0750441;130,35
0,328178;0,074294;130,4
0,410162;0,0735516;130,45
0,512627;0,0728167;130,5
0,64069;0,0720892;130,55
0,800747;0,0713693;130,6
1,00079;0,0706567;130,65
1,25081;0,0699516;130,7
1,5633;0,0692538;130,75
1,95385;0,0685634;130,8
2,44198;0,0678805;130,85
3,05206;0,067205;130,9
3,81456;0,066537;130,95
4,76756;0,0658767;131
5,95867;0,0652243;131,05
7,44736;0,0645798;131,1
9,308;0,0639436;131,15
11,6335;0,0633161;131,2
14,5401;0,0626976;131,25
18,1728;0,0620889;131,3
22,7132;0,0614906;131,35
28,388;0,0609036;131,4
35,4806;0,0603291;131,45
44,3454;0,0597687;131,5
55,4252;0,059224;131,55
69,2733;0,0586974;131,6
86,5814;0,0581917;131,65
108,214;0,0577106;131,7
135,252;0,0572584;131,75
169,046;0,0568407;131,8
211,283;0,0564645;131,85
264,074;0,0561384;131,9
330,056;0,0558735;131,95
412,523;0,0556836;132
515,597;0,0555862;132,05
644,424;0,0556035;132,1
805,441;0,0557641;132,15
1006,69;0,0561048;132,2
1258,22;0,0566734;132,25
1572,6;0,0575328;132,3
1965,52;0,058767;132,35
2456,61;0,0604894;132,4
3070,39;0,0628565;132,45
3837,51;0,0660878;132,5
4796,25;0,0704992;132,55
5994,47;0,0765569;132,6
7491,94;0,0849697;132,65
9363,33;0,0968517;132,7
11701,9;0,11402;132,75
14624;0,139565;132,8
18274,9;0,17899;132,85
22835,5;0,24262;132,9
28530,5;0,351001;132,95
35638,1;0,547776;133
44498,8;0,932732;133,05
55519,8;1,75351;133,1
69156,3;3,68307;133,15
85808,7;8,7404;133,2
105386;23,653;133,25
125501;73,2704;133,3
133887;256,447;133,35
81521,4;940,582;133,4
-89792;2464,73;133,45
441042;-1986,18;133,5
2,74127e+06;-19486,1;133,55
1,36968e+08;-1,08762e+06;133,6
3,72594e+11;-2,98046e+09;133,65
2,77626e+18;-2,22101e+16;133,7
1,54152e+32;-1,23322e+30;133,75
4,75257e+59;-3,80206e+57;133,8
4,51738e+114;-3,61391e+112;133,85
4,08135e+224;-3,26508e+222;133,9
inf;-inf;133,95
inf;-nan;134
-nan;-nan;134,05
-nan;-nan;134,1
-nan;-nan;134,15
-nan;-nan;134,2
-nan;-nan;134,25
-nan;-nan;134,3
-nan;-nan;134,35
-nan;-nan;134,4
-nan;-nan;134,45
-nan;-nan;134,5
-nan;-nan;134,55
-nan;-nan;134,6
-nan;-nan;134,65
-nan;-nan;134,7
-nan;-nan;134,75
-nan;-nan;134,8
-nan;-nan;134,85
-nan;-nan;134,9
-nan;-nan;134,95
-nan;-nan;135
-nan;-nan;135,05
-nan;-nan;135,1
-nan;-nan;135,15
-nan;-nan;135,2
-nan;-nan;135,25
-nan;-nan;135,3
-nan;-nan;135,35
-nan;-nan;135,4
-nan;-nan;135,45
-nan;-nan;135,5
-nan;-nan;135,55
-nan;-nan;135,6
-nan;-nan;135,65
-nan;-nan;135,7
-nan;-nan;135,75
-nan;-nan;135,8
-nan;-nan;135,85
-nan;-nan;135,9
-nan;-nan;135,95
-nan;-nan;136
-nan;-nan;136,05
-nan;-nan;136,1
-nan;-nan;136,15
-nan;-nan;136,2
-nan;-nan;136,25
-nan;-nan;136,3
-nan;-nan;136,35
-nan;-nan;136,4
-nan;-nan;136,45
-nan;-nan;136,5
-nan;-nan;136,55
-nan;-nan;136,6
-nan;-nan;136,65
-nan;-nan;136,7
-nan;-nan;136,75
-nan;-nan;136,8
-nan;-nan;136,85
-nan;-nan;136,9
-nan;-nan;136,95
-nan;-nan;137
-nan;-nan;137,05
-nan;-nan;137,1
-nan;-nan;137,15
-nan;-nan;137,2
-nan;-nan;137,25
-nan;-nan;137,3
-nan;-nan;137,35
-nan;-nan;137,4
-nan;-nan;137,45
-nan;-nan;137,5
-nan;-nan;137,55
-nan;-nan;137,6
-nan;-nan;137,65
-nan;-nan;137,7
-nan;-nan;137,75
-nan;-nan;137,8
-nan;-nan;137,85
-nan;-nan;137,9
-nan;-nan;137,95
-nan;-nan;138
-nan;-nan;138,05
-nan;-nan;138,1
-nan;-nan;138,15
-nan;-nan;138,2
-nan;-nan;138,25
-nan;-nan;138,3
-nan;-nan;138,35
-nan;-nan;138,4
-nan;-nan;138,45
-nan;-nan;138,5
-nan;-nan;138,55
-nan;-nan;138,6
-nan;-nan;138,65
-nan;-nan;138,7
-nan;-nan;138,75
-nan;-nan;138,8
-nan;-nan;138,85
-nan;-nan;138,9
-nan;-nan;138,95
-nan;-nan;139
-nan;-nan;139,05
-nan;-nan;139,1
-nan;-nan;139,15
-nan;-nan;139,2
-nan;-nan;139,25
-nan;-nan;139,3
-nan;-nan;139,35
-nan;-nan;139,4
-nan;-nan;139,45
-nan;-nan;139,5
-nan;-nan;139,55
-nan;-nan;139,6
-nan;-nan;139,65
-nan;-nan;139,7
-nan;-nan;139,75
-nan;-nan;139,8
-nan;-nan;139,85
-nan;-nan;139,9
-nan;-nan;139,95
-nan;-nan;140
-nan;-nan;140,05
-nan;-nan;140,1
-nan;-nan;140,15
-nan;-nan;140,2
-nan;-nan;140,25
-nan;-nan;140,3
-nan;-nan;140,35
-nan;-nan;140,4
-nan;-nan;140,45
-nan;-nan;140,5
-nan;-nan;140,55
-nan;-nan;140,6
-nan;-nan;140,65
-nan;-nan;140,7
-nan;-nan;140,75
-nan;-nan;140,8
-nan;-nan;140,85
-nan;-nan;140,9
-nan;-nan;140,95
-nan;-nan;141
-nan;-nan;141,05
-nan;-nan;141,1
-nan;-nan;141,15
-nan;-nan;141,2
-nan;-nan;141,25
-nan;-nan;141,3
-nan;-nan;141,35
-nan;-nan;141,4
-nan;-nan;141,45
-nan;-nan;141,5
-nan;-nan;141,55
-nan;-nan;141,6
-nan;-nan;141,65
-nan;-nan;141,7
-nan;-nan;141,75
-nan;-nan;141,8
-nan;-nan;141,85
-nan;-nan;141,9
-nan;-nan;141,95
-nan;-nan;142
-nan;-nan;142,05
-nan;-nan;142,1
-nan;-nan;142,15
-nan;-nan;142,2
-nan;-nan;142,25
-nan;-nan;142,3
-nan;-nan;142,35
-nan;-nan;142,4
-nan;-nan;142,45
-nan;-nan;142,5
-nan;-nan;142,55
-nan;-nan;142,6
-nan;-nan;142,65
-nan;-nan;142,7
-nan;-nan;142,75
-nan;-nan;142,8
-nan;-nan;142,85
-nan;-nan;142,9
-nan;-nan;142,95
-nan;-nan;143
-nan;-nan;143,05
-nan;-nan;143,1
-nan;-nan;143,15
-nan;-nan;143,2
-nan;-nan;143,25
-nan;-nan;143,3
-nan;-nan;143,35
-nan;-nan;143,4
-nan;-nan;143,45
-nan;-nan;143,5
-nan;-nan;143,55
-nan;-nan;143,6
-nan;-nan;143,65
-nan;-nan;143,7
-nan;-nan;143,75
-nan;-nan;143,8
-nan;-nan;143,85
-nan;-nan;143,9
-nan;-nan;143,95
-nan;-nan;144
-nan;-nan;144,05
-nan;-nan;144,1
-nan;-nan;144,15
-nan;-nan;144,2
-nan;-nan;144,25
-nan;-nan;144,3
-nan;-nan;144,35
-nan;-nan;144,4
-nan;-nan;144,45
-nan;-nan;144,5
-nan;-nan;144,55
-nan;-nan;144,6
-nan;-nan;144,65
-nan;-nan;144,7
-nan;-nan;144,75
-nan;-nan;144,8
-nan;-nan;144,85
-nan;-nan;144,9
-nan;-nan;144,95
-nan;-nan;145
-nan;-nan;145,05
-nan;-nan;145,1
-nan;-nan;145,15
-nan;-nan;145,2
-nan;-nan;145,25
-nan;-nan;145,3
-nan;-nan;145,35
-nan;-nan;145,4
-nan;-nan;145,45
-nan;-nan;145,5
-nan;-nan;145,55
-nan;-nan;145,6
-nan;-nan;145,65
-nan;-nan;145,7
-nan;-nan;145,75
-nan;-nan;145,8
-nan;-nan;145,85
-nan;-nan;145,9
-nan;-nan;145,95
-nan;-nan;146
-nan;-nan;146,05
-nan;-nan;146,1
-nan;-nan;146,15
-nan;-nan;146,2
-nan;-nan;146,25
-nan;-nan;146,3
-nan;-nan;146,35
-nan;-nan;146,4
-nan;-nan;146,45
-nan;-nan;146,5
-nan;-nan;146,55
-nan;-nan;146,6
-nan;-nan;146,65
-nan;-nan;146,7
-nan;-nan;146,75
-nan;-nan;146,8
-nan;-nan;146,85
-nan;-nan;146,9
-nan;-nan;146,95
-nan;-nan;147
-nan;-nan;147,05
-nan;-nan;147,1
-nan;-nan;147,15
-nan;-nan;147,2
-nan;-nan;147,25
-nan;-nan;147,3
-nan;-nan;147,35
-nan;-nan;147,4
-nan;-nan;147,45
-nan;-nan;147,5
-nan;-nan;147,55
-nan;-nan;147,6
-nan;-nan;147,65
-nan;-nan;147,7
-nan;-nan;147,75
-nan;-nan;147,8
-nan;-nan;147,85
-nan;-nan;147,9
-nan;-nan;147,95
-nan;-nan;148
-nan;-nan;148,05
-nan;-nan;148,1
-nan;-nan;148,15
-nan;-nan;148,2
-nan;-nan;148,25
-nan;-nan;148,3
-nan;-nan;148,35
-nan;-nan;148,4
-nan;-nan;148,45
-nan;-nan;148,5
-nan;-nan;148,55
-nan;-nan;148,6
-nan;-nan;148,65
-nan;-nan;148,7
-nan;-nan;148,75
-nan;-nan;148,8
-nan;-nan;148,85
-nan;-nan;148,9
-nan;-nan;148,95
-nan;-nan;149
-nan;-nan;149,05
-nan;-nan;149,1
-nan;-nan;149,15
-nan;-nan;149,2
-nan;-nan;149,25
-nan;-nan;149,3
-nan;-nan;149,35
-nan;-nan;149,4
-nan;-nan;149,45
-nan;-nan;149,5
-nan;-nan;149,55
-nan;-nan;149,6
-nan;-nan;149,65
-nan;-nan;149,7
-nan;-nan;149,75
-nan;-nan;149,8
-nan;-nan;149,85
-nan;-nan;149,9
-nan;-nan;149,95
-nan;-nan;150
