500;150;0
441,282;149,91;0,05
389,629;149,655;0,1
344,305;149,256;0,15
304,606;148,732;0,2
269,876;148,099;0,25
239,512;147,373;0,3
212,972;146,568;0,35
189,772;145,694;0,4
169,481;144,763;0,45
151,722;143,783;0,5
136,164;142,762;0,55
122,519;141,707;0,6
110,537;140,624;0,65
99,9995;139,518;0,7
90,7195;138,393;0,75
82,5341;137,254;0,8
75,3025;136,102;0,85
68,9034;134,943;0,9
63,2317;133,776;0,95
58,1967;132,606;1
53,7196;131,433;1,05
49,7326;130,26;1,1
46,1768;129,088;1,15
43,0009;127,917;1,2
40,1606;126,75;1,25
37,6175;125,586;1,3
35,3378;124,427;1,35
33,2924;123,274;1,4
31,4557;122,126;1,45
29,8055;120,985;1,5
28,3223;119,851;1,55
26,9891;118,724;1,6
25,7909;117,605;1,65
24,7148;116,493;1,7
23,7492;115,39;1,75
22,8842;114,295;1,8
22,1108;113,209;1,85
21,4215;112,131;1,9
20,8094;111,062;1,95
20,2686;110,002;2
19,7941;108,951;2,05
19,3813;107,91;2,1
19,0264;106,877;2,15
18,7261;105,853;2,2
18,4775;104,839;2,25
18,2783;103,834;2,3
18,1265;102,838;2,35
18,0206;101,852;2,4
17,9593;100,875;2,45
17,9418;99,9069;2,5
17,9675;98,9483;2,55
18,0363;97,999;2,6
18,148;97,059;2,65
18,3033;96,1283;2,7
18,5026;95,2069;2,75
18,7471;94,2946;2,8
19,0379;93,3917;2,85
19,3767;92,4979;2,9
19,7654;91,6134;2,95
20,2064;90,7381;3
20,7021;89,872;3,05
21,2558;89,0151;3,1
21,8708;88,1674;3,15
22,5511;87,3289;3,2
23,3011;86,4996;3,25
24,1258;85,6795;3,3
25,0306;84,8687;3,35
26,0217;84,0671;3,4
27,106;83,2748;3,45
28,2911;82,4919;3,5
29,5856;81,7184;3,55
30,9988;80,9543;3,6
32,5412;80,1997;3,65
34,2245;79,4547;3,7
36,0615;78,7194;3,75
38,0666;77,9939;3,8
40,2556;77,2783;3,85
42,6461;76,5728;3,9
45,2578;75,8775;3,95
48,1124;75,1927;4
51,234;74,5185;4,05
54,6494;73,8551;4,1
58,3885;73,2029;4,15
62,4842;72,5621;4,2
66,9735;71,9331;4,25
71,8973;71,3163;4,3
77,3009;70,7121;4,35
83,2349;70,1209;4,4
89,7556;69,5433;4,45
96,9251;68,9799;4,5
104,813;68,4314;4,55
113,496;67,8984;4,6
123,06;67,3819;4,65
133,599;66,8828;4,7
145,219;66,4021;4,75
158,035;65,9409;4,8
172,177;65,5005;4,85
187,785;65,0825;4,9
205,016;64,6883;4,95
224,042;64,3198;5
245,051;63,979;5,05
268,248;63,6682;5,1
293,858;63,3897;5,15
322,124;63,1465;5,2
353,306;62,9415;5,25
387,685;62,7784;5,3
425,559;62,6608;5,35
467,242;62,5933;5,4
513,059;62,5805;5,45
563,346;62,6279;5,5
618,438;62,7413;5,55
678,665;62,9274;5,6
744,337;63,1936;5,65
815,732;63,5479;5,7
893,077;63,9993;5,75
976,525;64,5576;5,8
1066,13;65,2335;5,85
1161,8;66,0388;5,9
1263,29;66,9861;5,95
1370,14;68,0886;6
1481,62;69,3607;6,05
1596,72;70,817;6,1
1714,09;72,4723;6,15
1832,01;74,3413;6,2
1948,36;76,4376;6,25
2060,66;78,7733;6,3
2166,07;81,3577;6,35
2261,49;84,1963;6,4
2343,68;87,2892;6,45
2409,39;90,6302;6,5
2455,61;94,2049;6,55
2479,79;97,9899;6,6
2480,05;101,952;6,65
2455,42;106,049;6,7
2405,99;110,228;6,75
2332,96;114,432;6,8
2238,56;118,597;6,85
2125,99;122,658;6,9
1999,07;126,555;6,95
1862;130,23;7
1719,02;133,635;7,05
1574,17;136,735;7,1
1430,98;139,504;7,15
1292,39;141,928;7,2
1160,68;144,003;7,25
1037,45;145,737;7,3
923,671;147,142;7,35
819,808;148,237;7,4
725,898;149,046;7,45
641,66;149,592;7,5
566,595;149,902;7,55
500,059;150;7,6
441,334;149,91;7,65
389,675;149,655;7,7
344,345;149,256;7,75
304,641;148,732;7,8
269,906;148,1;7,85
239,539;147,374;7,9
212,996;146,568;7,95
189,792;145,695;8
169,499;144,764;8,05
151,738;143,784;8,1
136,178;142,763;8,15
122,531;141,708;8,2
110,547;140,625;8,25
100,009;139,519;8,3
90,7278;138,394;8,35
82,5414;137,255;8,4
75,309;136,104;8,45
68,9092;134,944;8,5
63,2369;133,777;8,55
58,2012;132,607;8,6
53,7237;131,435;8,65
49,7363;130,261;8,7
46,18;129,089;8,75
43,0038;127,918;8,8
40,1633;126,751;8,85
37,6198;125,587;8,9
35,3399;124,428;8,95
33,2943;123,275;9
31,4574;122,127;9,05
29,807;120,986;9,1
28,3237;119,852;9,15
26,9903;118,725;9,2
25,792;117,606;9,25
24,7158;116,494;9,3
23,7501;115,391;9,35
22,885;114,296;9,4
22,1116;113,21;9,45
21,4221;112,132;9,5
20,81;111,063;9,55
20,2692;110,003;9,6
19,7946;108,952;9,65
19,3817;107,911;9,7
19,0268;106,878;9,75
18,7264;105,854;9,8
18,4778;104,84;9,85
18,2785;103,835;9,9
18,1267;102,839;9,95
18,0207;101,853;10
17,9594;100,876;10,05
17,9419;99,9078;10,1
17,9675;98,9492;10,15
18,0362;97,9999;10,2
18,148;97,0599;10,25
18,3032;96,1292;10,3
18,5025;95,2077;10,35
18,7469;94,2955;10,4
19,0377;93,3925;10,45
19,3765;92,4987;10,5
19,7651;91,6142;10,55
20,206;90,7389;10,6
20,7017;89,8728;10,65
21,2554;89,0159;10,7
21,8703;88,1681;10,75
22,5506;87,3296;10,8
23,3005;86,5003;10,85
24,1251;85,6802;10,9
25,0298;84,8694;10,95
26,0208;84,0678;11
27,105;83,2756;11,05
28,2901;82,4926;11,1
29,5844;81,7191;11,15
30,9975;80,955;11,2
32,5398;80,2004;11,25
34,223;79,4554;11,3
36,0599;78,7201;11,35
38,0648;77,9946;11,4
40,2536;77,279;11,45
42,644;76,5735;11,5
45,2555;75,8782;11,55
48,1098;75,1933;11,6
51,2312;74,5191;11,65
54,6463;73,8557;11,7
58,3851;73,2035;11,75
62,4805;72,5627;11,8
66,9694;71,9337;11,85
71,8928;71,3169;11,9
77,2959;70,7126;11,95
83,2295;70,1214;12
89,7495;69,5438;12,05
96,9185;68,9804;12,1
104,806;68,4319;12,15
113,488;67,8989;12,2
123,051;67,3824;12,25
133,589;66,8833;12,3
145,208;66,4025;12,35
158,023;65,9413;12,4
172,163;65,501;12,45
187,77;65,0829;12,5
205;64,6887;12,55
224,024;64,3202;12,6
245,031;63,9794;12,65
268,227;63,6685;12,7
293,834;63,39;12,75
322,097;63,1467;12,8
353,277;62,9417;12,85
387,653;62,7785;12,9
425,524;62,6609;12,95
467,203;62,5933;13
513,017;62,5805;13,05
563,299;62,6278;13,1
618,387;62,7412;13,15
678,608;62,9272;13,2
744,275;63,1933;13,25
815,665;63,5475;13,3
893,005;63,9988;13,35
976,447;64,557;13,4
1066,04;65,2329;13,45
1161,71;66,0381;13,5
1263,2;66,9852;13,55
1370,04;68,0876;13,6
1481,52;69,3595;13,65
1596,62;70,8156;13,7
1713,99;72,4708;13,75
1831,9;74,3396;13,8
1948,26;76,4357;13,85
2060,56;78,7711;13,9
2165,98;81,3553;13,95
2261,41;84,1936;14
2343,61;87,2863;14,05
2409,33;90,6271;14,1
2455,57;94,2016;14,15
2479,77;97,9865;14,2
2480,05;101,949;14,25
2455,45;106,045;14,3
2406,05;110,225;14,35
2333,03;114,428;14,4
2238,66;118,593;14,45
2126,1;122,655;14,5
1999,18;126,551;14,55
1862,12;130,226;14,6
1719,15;133,632;14,65
1574,3;136,733;14,7
1431,1;139,502;14,75
1292,51;141,926;14,8
1160,8;144,001;14,85
1037,56;145,735;14,9
923,768;147,141;14,95
819,897;148,236;15
725,978;149,045;15,05
641,732;149,592;15,1
566,659;149,902;15,15
500,115;150;15,2
441,384;149,91;15,25
389,719;149,656;15,3
344,384;149,257;15,35
304,675;148,733;15,4
269,936;148,1;15,45
239,565;147,374;15,5
213,018;146,569;15,55
189,812;145,696;15,6
169,516;144,764;15,65
151,753;143,785;15,7
136,191;142,764;15,75
122,543;141,709;15,8
110,558;140,626;15,85
100,018;139,52;15,9
90,7358;138,395;15,95
82,5485;137,256;16
75,3153;136,105;16,05
68,9148;134,945;16,1
63,2418;133,778;16,15
58,2056;132,608;16,2
53,7276;131,436;16,25
49,7398;130,262;16,3
46,1831;129,09;16,35
43,0066;127,919;16,4
40,1658;126,752;16,45
37,6221;125,588;16,5
35,3419;124,429;16,55
33,2961;123,276;16,6
31,459;122,128;16,65
29,8085;120,987;16,7
28,325;119,853;16,75
26,9915;118,726;16,8
25,7931;117,607;16,85
24,7168;116,495;16,9
23,751;115,392;16,95
22,8858;114,297;17
22,1123;113,211;17,05
21,4228;112,133;17,1
20,8106;111,064;17,15
20,2697;110,004;17,2
19,795;108,953;17,25
19,3822;107,911;17,3
19,0271;106,879;17,35
18,7267;105,855;17,4
18,478;104,841;17,45
18,2787;103,836;17,5
18,1269;102,84;17,55
18,0209;101,854;17,6
17,9595;100,877;17,65
17,9419;99,9086;17,7
17,9676;98,9501;17,75
18,0362;98,0008;17,8
18,1479;97,0607;17,85
18,3031;96,13;17,9
18,5024;95,2085;17,95
18,7467;94,2963;18
19,0375;93,3933;18,05
19,3762;92,4995;18,1
19,7648;91,615;18,15
20,2057;90,7397;18,2
20,7013;89,8735;18,25
21,2549;89,0166;18,3
21,8698;88,1689;18,35
22,55;87,3304;18,4
23,2999;86,5011;18,45
24,1244;85,681;18,5
25,029;84,8701;18,55
26,02;84,0685;18,6
27,1041;83,2763;18,65
28,2891;82,4933;18,7
29,5833;81,7198;18,75
30,9963;80,9556;18,8
32,5385;80,201;18,85
34,2216;79,456;18,9
36,0583;78,7207;18,95
38,063;77,9952;19
40,2517;77,2796;19,05
42,6419;76,5741;19,1
45,2532;75,8788;19,15
48,1073;75,1939;19,2
51,2284;74,5197;19,25
54,6433;73,8563;19,3
58,3818;73,2041;19,35
62,4769;72,5633;19,4
66,9655;71,9343;19,45
71,8885;71,3174;19,5
77,2912;70,7132;19,55
83,2243;70,122;19,6
89,7438;69,5443;19,65
96,9122;68,9809;19,7
104,799;68,4324;19,75
113,48;67,8994;19,8
123,043;67,3829;19,85
133,58;66,8837;19,9
145,198;66,4029;19,95
158,012;65,9417;20
172,151;65,5013;20,05
187,756;65,0832;20,1
204,985;64,689;20,15
224,007;64,3205;20,2
245,013;63,9797;20,25
268,206;63,6687;20,3
293,812;63,3902;20,35
322,072;63,1469;20,4
353,249;62,9419;20,45
387,622;62,7786;20,5
425,49;62,661;20,55
467,166;62,5934;20,6
512,976;62,5805;20,65
563,254;62,6278;20,7
618,337;62,7411;20,75
678,555;62,9271;20,8
744,217;63,1931;20,85
815,602;63,5472;20,9
892,936;63,9984;20,95
976,373;64,5565;21
1065,96;65,2323;21,05
1161,63;66,0374;21,1
1263,11;66,9843;21,15
1369,94;68,0866;21,2
1481,42;69,3584;21,25
1596,52;70,8143;21,3
1713,88;72,4693;21,35
1831,8;74,3379;21,4
1948,16;76,4338;21,45
2060,46;78,769;21,5
2165,89;81,353;21,55
2261,33;84,1911;21,6
2343,54;87,2836;21,65
2409,28;90,6242;21,7
2455,54;94,1985;21,75
2479,76;97,9831;21,8
2480,06;101,945;21,85
2455,48;106,042;21,9
2406,1;110,221;21,95
2333,1;114,425;22
2238,74;118,59;22,05
2126,2;122,651;22,1
1999,3;126,548;22,15
1862,24;130,223;22,2
1719,28;133,63;22,25
1574,42;136,73;22,3
1431,22;139,499;22,35
1292,63;141,924;22,4
1160,91;144;22,45
1037,66;145,734;22,5
923,862;147,139;22,55
819,982;148,235;22,6
726,054;149,045;22,65
641,801;149,592;22,7
566,72;149,902;22,75
500,169;150;22,8
441,431;149,91;22,85
389,76;149,656;22,9
344,42;149,257;22,95
304,707;148,733;23
269,964;148,101;23,05
239,589;147,375;23,1
213,04;146,57;23,15
189,831;145,696;23,2
169,533;144,765;23,25
151,767;143,786;23,3
136,204;142,765;23,35
122,554;141,71;23,4
110,568;140,627;23,45
100,027;139,521;23,5
90,7435;138,396;23,55
82,5552;137,257;23,6
75,3213;136,105;23,65
68,9201;134,946;23,7
63,2465;133,779;23,75
58,2098;132,609;23,8
53,7314;131,437;23,85
49,7431;130,263;23,9
46,1861;129,091;23,95
43,0093;127,92;24
40,1682;126,753;24,05
37,6242;125,589;24,1
35,3439;124,43;24,15
33,2978;123,277;24,2
31,4606;122,129;24,25
29,8099;120,988;24,3
28,3263;119,854;24,35
26,9927;118,727;24,4
25,7942;117,608;24,45
24,7177;116,496;24,5
23,7519;115,393;24,55
22,8866;114,298;24,6
22,113;113,212;24,65
21,4234;112,134;24,7
20,8111;111,065;24,75
20,2702;110,005;24,8
19,7955;108,954;24,85
19,3825;107,912;24,9
19,0275;106,88;24,95
18,727;105,856;25
18,4783;104,842;25,05
18,279;103,837;25,1
18,127;102,841;25,15
18,021;101,855;25,2
17,9596;100,877;25,25
17,942;99,9095;25,3
17,9676;98,9509;25,35
18,0362;98,0016;25,4
18,1479;97,0615;25,45
18,303;96,1308;25,5
18,5023;95,2093;25,55
18,7466;94,297;25,6
19,0373;93,3941;25,65
19,376;92,5003;25,7
19,7646;91,6157;25,75
20,2053;90,7404;25,8
20,701;89,8743;25,85
21,2545;89,0173;25,9
21,8694;88,1696;25,95
22,5495;87,3311;26
23,2993;86,5017;26,05
24,1237;85,6817;26,1
25,0283;84,8708;26,15
26,0192;84,0692;26,2
27,1033;83,2769;26,25
28,2881;82,494;26,3
29,5823;81,7204;26,35
30,9952;80,9563;26,4
32,5373;80,2017;26,45
34,2202;79,4567;26,5
36,0568;78,7213;26,55
38,0614;77,9958;26,6
40,2499;77,2802;26,65
42,6399;76,5747;26,7
45,2511;75,8794;26,75
48,105;75,1945;26,8
51,2259;74,5203;26,85
54,6405;73,8569;26,9
58,3787;73,2046;26,95
62,4735;72,5638;27
66,9618;71,9348;27,05
71,8843;71,3179;27,1
77,2867;70,7137;27,15
83,2193;70,1225;27,2
89,7383;69,5448;27,25
96,9062;68,9814;27,3
104,792;68,4328;27,35
113,473;67,8999;27,4
123,035;67,3833;27,45
133,571;66,8841;27,5
145,188;66,4033;27,55
158,001;65,9421;27,6
172,139;65,5017;27,65
187,743;65,0836;27,7
204,97;64,6894;27,75
223,991;64,3208;27,8
244,995;63,9799;27,85
268,186;63,669;27,9
293,79;63,3905;27,95
322,048;63,1471;28
353,222;62,9421;28,05
387,593;62,7788;28,1
425,457;62,6611;28,15
467,13;62,5935;28,2
512,936;62,5805;28,25
563,211;62,6277;28,3
618,29;62,741;28,35
678,503;62,9269;28,4
744,16;63,1929;28,45
815,541;63,5469;28,5
892,87;63,998;28,55
976,302;64,5561;28,6
1065,89;65,2317;28,65
1161,54;66,0367;28,7
1263,02;66,9835;28,75
1369,85;68,0857;28,8
1481,32;69,3573;28,85
1596,42;70,8131;28,9
1713,79;72,4679;28,95
1831,7;74,3363;29
1948,06;76,432;29,05
2060,37;78,767;29,1
2165,8;81,3508;29,15
2261,26;84,1887;29,2
2343,48;87,281;29,25
2409,23;90,6213;29,3
2455,51;94,1954;29,35
2479,75;97,9799;29,4
2480,07;101,942;29,45
2455,51;106,038;29,5
2406,15;110,218;29,55
2333,17;114,421;29,6
2238,83;118,586;29,65
2126,3;122,648;29,7
1999,4;126,545;29,75
1862,35;130,22;29,8
1719,39;133,627;29,85
1574,54;136,728;29,9
1431,34;139,497;29,95
1292,74;141,922;30
1161,01;143,998;30,05
1037,75;145,732;30,1
923,952;147,138;30,15
820,063;148,235;30,2
726,128;149,044;30,25
641,866;149,591;30,3
566,778;149,901;30,35
500,221;150;30,4
441,477;149,911;30,45
389,8;149,656;30,5
344,456;149,257;30,55
304,738;148,733;30,6
269,991;148,101;30,65
239,613;147,376;30,7
213,061;146,57;30,75
189,849;145,697;30,8
169,549;144,766;30,85
151,781;143,786;30,9
136,216;142,766;30,95
122,565;141,711;31
110,577;140,628;31,05
100,035;139,522;31,1
90,7508;138,397;31,15
82,5617;137,258;31,2
75,327;136,106;31,25
68,9252;134,946;31,3
63,251;133,78;31,35
58,2138;132,61;31,4
53,7349;131,437;31,45
49,7463;130,264;31,5
46,189;129,092;31,55
43,0119;127,921;31,6
40,1705;126,754;31,65
37,6263;125,59;31,7
35,3457;124,431;31,75
33,2995;123,278;31,8
31,4621;122,13;31,85
29,8113;120,989;31,9
28,3275;119,855;31,95
26,9938;118,728;32
25,7952;117,608;32,05
24,7187;116,497;32,1
23,7527;115,394;32,15
22,8873;114,299;32,2
22,1136;113,213;32,25
21,424;112,135;32,3
20,8117;111,066;32,35
20,2707;110,006;32,4
19,7959;108,955;32,45
19,3829;107,913;32,5
19,0278;106,88;32,55
18,7273;105,857;32,6
18,4785;104,843;32,65
18,2792;103,838;32,7
18,1272;102,842;32,75
18,0211;101,855;32,8
17,9597;100,878;32,85
17,942;99,9102;32,9
17,9676;98,9516;32,95
18,0362;98,0023;33
18,1478;97,0623;33,05
18,3029;96,1315;33,1
18,5021;95,21;33,15
18,7464;94,2978;33,2
19,0371;93,3948;33,25
19,3757;92,501;33,3
19,7643;91,6164;33,35
20,205;90,7411;33,4
20,7006;89,875;33,45
21,2541;89,018;33,5
21,8689;88,1703;33,55
22,549;87,3317;33,6
23,2988;86,5024;33,65
24,1231;85,6823;33,7
25,0276;84,8715;33,75
26,0184;84,0699;33,8
27,1024;83,2776;33,85
28,2872;82,4946;33,9
29,5813;81,721;33,95
30,9941;80,9569;34
32,5361;80,2023;34,05
34,2189;79,4573;34,1
36,0554;78,7219;34,15
38,0599;77,9964;34,2
40,2482;77,2808;34,25
42,6381;76,5753;34,3
45,249;75,8799;34,35
48,1027;75,1951;34,4
51,2234;74,5208;34,45
54,6378;73,8574;34,5
58,3757;73,2052;34,55
62,4703;72,5644;34,6
66,9582;71,9353;34,65
71,8804;71,3184;34,7
77,2824;70,7142;34,75
83,2146;70,1229;34,8
89,7331;69,5453;34,85
96,9004;68,9819;34,9
104,786;68,4333;34,95
113,466;67,9003;35
123,027;67,3837;35,05
133,563;66,8845;35,1
145,179;66,4037;35,15
157,991;65,9425;35,2
172,127;65,5021;35,25
187,73;65,0839;35,3
204,956;64,6897;35,35
223,976;64,3211;35,4
244,978;63,9802;35,45
268,167;63,6692;35,5
293,769;63,3907;35,55
322,025;63,1473;35,6
353,197;62,9422;35,65
387,565;62,7789;35,7
425,426;62,6612;35,75
467,096;62,5935;35,8
512,899;62,5805;35,85
563,17;62,6277;35,9
618,245;62,7409;35,95
678,454;62,9268;36
744,107;63,1926;36,05
815,482;63,5466;36,1
892,807;63,9977;36,15
976,234;64,5556;36,2
1065,81;65,2312;36,25
1161,47;66,036;36,3
1262,94;66,9827;36,35
1369,77;68,0848;36,4
1481,24;69,3563;36,45
1596,33;70,8119;36,5
1713,69;72,4665;36,55
1831,61;74,3348;36,6
1947,97;76,4303;36,65
2060,29;78,7651;36,7
2165,72;81,3487;36,75
2261,19;84,1864;36,8
2343,42;87,2785;36,85
2409,19;90,6186;36,9
2455,48;94,1926;36,95
2479,73;97,9769;37
2480,08;101,939;37,05
2455,54;106,035;37,1
2406,19;110,214;37,15
2333,23;114,418;37,2
2238,91;118,583;37,25
2126,39;122,645;37,3
1999,51;126,542;37,35
1862,46;130,217;37,4
1719,51;133,624;37,45
1574,65;136,725;37,5
1431,45;139,495;37,55
1292,85;141,92;37,6
1161,11;143,997;37,65
1037,85;145,731;37,7
924,037;147,137;37,75
820,141;148,234;37,8
726,198;149,043;37,85
641,929;149,591;37,9
566,834;149,901;37,95
500,27;150;38
441,52;149,911;38,05
389,839;149,656;38,1
344,489;149,258;38,15
304,767;148,734;38,2
270,017;148,102;38,25
239,635;147,376;38,3
213,08;146,571;38,35
189,866;145,698;38,4
169,564;144,767;38,45
151,795;143,787;38,5
136,228;142,766;38,55
122,575;141,712;38,6
110,586;140,629;38,65
100,043;139,523;38,7
90,7578;138,398;38,75
82,5679;137,259;38,8
75,3325;136,107;38,85
68,93;134,947;38,9
63,2554;133,781;38,95
58,2177;132,611;39
53,7384;131,438;39,05
49,7494;130,265;39,1
46,1917;129,093;39,15
43,0143;127,922;39,2
40,1727;126,755;39,25
37,6283;125,591;39,3
35,3475;124,432;39,35
33,3011;123,279;39,4
31,4636;122,131;39,45
29,8126;120,99;39,5
28,3287;119,856;39,55
26,9949;118,729;39,6
25,7962;117,609;39,65
24,7195;116,498;39,7
23,7535;115,395;39,75
22,888;114,3;39,8
22,1143;113,213;39,85
21,4246;112,136;39,9
20,8122;111,067;39,95
20,2711;110,007;40
19,7963;108,956;40,05
19,3833;107,914;40,1
19,0281;106,881;40,15
18,7276;105,858;40,2
18,4788;104,843;40,25
18,2794;103,838;40,3
18,1274;102,843;40,35
18,0213;101,856;40,4
17,9598;100,879;40,45
17,9421;99,911;40,5
17,9676;98,9524;40,55
18,0362;98,003;40,6
18,1478;97,063;40,65
18,3029;96,1322;40,7
18,502;95,2107;40,75
18,7463;94,2985;40,8
19,0369;93,3955;40,85
19,3755;92,5017;40,9
19,764;91,6171;40,95
20,2048;90,7418;41
20,7003;89,8756;41,05
21,2537;89,0187;41,1
21,8685;88,1709;41,15
22,5485;87,3324;41,2
23,2982;86,5031;41,25
24,1225;85,6829;41,3
25,027;84,8721;41,35
26,0177;84,0705;41,4
27,1017;83,2782;41,45
28,2864;82,4952;41,5
29,5804;81,7216;41,55
30,9931;80,9575;41,6
32,535;80,2029;41,65
34,2177;79,4578;41,7
36,054;78,7225;41,75
38,0584;77,997;41,8
40,2466;77,2813;41,85
42,6363;76,5758;41,9
45,2471;75,8805;41,95
48,1006;75,1956;42
51,2211;74,5213;42,05
54,6352;73,8579;42,1
58,3729;73,2057;42,15
62,4672;72,5648;42,2
66,9548;71,9358;42,25
71,8767;71,3189;42,3
77,2783;70,7146;42,35
83,2101;70,1234;42,4
89,7282;69,5457;42,45
96,895;68,9823;42,5
104,78;68,4337;42,55
113,46;67,9007;42,6
123,02;67,3841;42,65
133,555;66,8849;42,7
145,17;66,4041;42,75
157,981;65,9428;42,8
172,117;65,5024;42,85
187,718;65,0843;42,9
204,943;64,69;42,95
223,961;64,3214;43
244,961;63,9805;43,05
268,149;63,6695;43,1
293,749;63,3909;43,15
322,003;63,1475;43,2
353,172;62,9424;43,25
387,538;62,779;43,3
425,397;62,6613;43,35
467,064;62,5936;43,4
512,863;62,5806;43,45
563,131;62,6276;43,5
618,203;62,7408;43,55
678,407;62,9266;43,6
744,056;63,1924;43,65
815,427;63,5464;43,7
892,747;63,9973;43,75
976,17;64,5552;43,8
1065,75;65,2306;43,85
1161,39;66,0354;43,9
1262,86;66,982;43,95
1369,69;68,0839;44
1481,15;69,3553;44,05
1596,24;70,8108;44,1
1713,6;72,4652;44,15
1831,52;74,3333;44,2
1947,88;76,4287;44,25
2060,2;78,7633;44,3
2165,65;81,3467;44,35
2261,12;84,1842;44,4
2343,36;87,2761;44,45
2409,14;90,6161;44,5
2455,45;94,1898;44,55
2479,72;97,974;44,6
2480,08;101,936;44,65
2455,56;106,032;44,7
2406,24;110,211;44,75
2333,29;114,415;44,8
2238,98;118,58;44,85
2126,48;122,642;44,9
1999,6;126,539;44,95
1862,57;130,215;45
1719,61;133,622;45,05
1574,76;136,723;45,1
1431,55;139,493;45,15
1292,95;141,918;45,2
1161,21;143,995;45,25
1037,94;145,73;45,3
924,118;147,136;45,35
820,214;148,233;45,4
726,264;149,043;45,45
641,988;149,59;45,5
566,887;149,901;45,55
500,317;150;45,6
441,561;149,911;45,65
389,875;149,657;45,7
344,521;149,258;45,75
304,795;148,734;45,8
270,041;148,102;45,85
239,657;147,377;45,9
213,099;146,572;45,95
189,883;145,698;46
169,578;144,767;46,05
151,807;143,788;46,1
136,239;142,767;46,15
122,585;141,713;46,2
110,594;140,63;46,25
100,05;139,524;46,3
90,7644;138,399;46,35
82,5738;137,259;46,4
75,3377;136,108;46,45
68,9346;134,948;46,5
63,2595;133,782;46,55
58,2213;132,612;46,6
53,7416;131,439;46,65
49,7523;130,266;46,7
46,1943;129,094;46,75
43,0166;127,923;46,8
40,1748;126,756;46,85
37,6302;125,592;46,9
35,3492;124,433;46,95
33,3026;123,279;47
31,4649;122,132;47,05
29,8138;120,991;47,1
28,3298;119,856;47,15
26,9959;118,729;47,2
25,7971;117,61;47,25
24,7204;116,499;47,3
23,7542;115,395;47,35
22,8887;114,301;47,4
22,1149;113,214;47,45
21,4251;112,136;47,5
20,8127;111,068;47,55
20,2716;110,008;47,6
19,7967;108,957;47,65
19,3836;107,915;47,7
19,0285;106,882;47,75
18,7278;105,858;47,8
18,479;104,844;47,85
18,2796;103,839;47,9
18,1275;102,843;47,95
18,0214;101,857;48
17,9599;100,88;48,05
17,9422;99,9117;48,1
17,9677;98,9531;48,15
18,0362;98,0037;48,2
18,1478;97,0637;48,25
18,3028;96,1329;48,3
18,5019;95,2114;48,35
18,7462;94,2991;48,4
19,0368;93,3961;48,45
19,3753;92,5023;48,5
19,7638;91,6178;48,55
20,2045;90,7424;48,6
20,7;89,8763;48,65
21,2534;89,0193;48,7
21,8681;88,1715;48,75
22,5481;87,333;48,8
23,2977;86,5037;48,85
24,122;85,6835;48,9
25,0264;84,8727;48,95
26,0171;84,0711;49
27,1009;83,2787;49,05
28,2856;82,4958;49,1
29,5795;81,7222;49,15
30,9921;80,958;49,2
32,5339;80,2034;49,25
34,2165;79,4584;49,3
36,0527;78,723;49,35
38,057;77,9975;49,4
40,2451;77,2819;49,45
42,6346;76,5763;49,5
45,2452;75,881;49,55
48,0986;75,1961;49,6
51,2189;74,5218;49,65
54,6328;73,8584;49,7
58,3703;73,2061;49,75
62,4643;72,5653;49,8
66,9516;71,9363;49,85
71,8732;71,3194;49,9
77,2744;70,7151;49,95
83,2058;70,1238;50
89,7235;69,5462;50,05
96,8898;68,9827;50,1
104,774;68,4341;50,15
113,453;67,9011;50,2
123,013;67,3845;50,25
133,547;66,8853;50,3
145,161;66,4045;50,35
157,972;65,9432;50,4
172,106;65,5027;50,45
187,707;65,0846;50,5
204,93;64,6903;50,55
223,947;64,3217;50,6
244,946;63,9807;50,65
268,132;63,6697;50,7
293,73;63,3911;50,75
321,982;63,1477;50,8
353,15;62,9425;50,85
387,513;62,7792;50,9
425,369;62,6614;50,95
467,033;62,5936;51
512,83;62,5806;51,05
563,094;62,6276;51,1
618,162;62,7407;51,15
678,363;62,9265;51,2
744,008;63,1922;51,25
815,375;63,5461;51,3
892,691;63,997;51,35
976,109;64,5548;51,4
1065,68;65,2301;51,45
1161,32;66,0348;51,5
1262,79;66,9813;51,55
1369,61;68,0831;51,6
1481,07;69,3543;51,65
1596,16;70,8097;51,7
1713,52;72,464;51,75
1831,44;74,3319;51,8
1947,8;76,4271;51,85
2060,12;78,7616;51,9
2165,57;81,3448;51,95
2261,05;84,1821;52
2343,31;87,2738;52,05
2409,1;90,6136;52,1
2455,42;94,1872;52,15
2479,71;97,9713;52,2
2480,09;101,933;52,25
2455,59;106,029;52,3
2406,28;110,208;52,35
2333,35;114,412;52,4
2239,05;118,577;52,45
2126,56;122,639;52,5
1999,7;126,536;52,55
1862,67;130,212;52,6
1719,71;133,619;52,65
1574,86;136,721;52,7
1431,65;139,491;52,75
1293,04;141,917;52,8
1161,3;143,994;52,85
1038,02;145,729;52,9
924,195;147,135;52,95
820,284;148,232;53
726,327;149,042;53,05
642,045;149,59;53,1
566,937;149,901;53,15
500,361;150;53,2
441,601;149,911;53,25
389,91;149,657;53,3
344,551;149,258;53,35
304,822;148,735;53,4
270,064;148,103;53,45
239,677;147,377;53,5
213,117;146,572;53,55
189,898;145,699;53,6
169,592;144,768;53,65
151,819;143,788;53,7
136,249;142,768;53,75
122,594;141,713;53,8
110,603;140,63;53,85
100,058;139,524;53,9
90,7708;138,4;53,95
82,5794;137,26;54
75,3427;136,109;54,05
68,939;134,949;54,1
63,2634;133,783;54,15
58,2248;132,613;54,2
53,7447;131,44;54,25
49,7551;130,267;54,3
46,1968;129,094;54,35
43,0189;127,924;54,4
40,1768;126,756;54,45
37,632;125,593;54,5
35,3508;124,434;54,55
33,3041;123,28;54,6
31,4663;122,133;54,65
29,815;120,991;54,7
28,3309;119,857;54,75
26,9969;118,73;54,8
25,798;117,611;54,85
24,7211;116,499;54,9
23,755;115,396;54,95
22,8893;114,301;55
22,1155;113,215;55,05
21,4257;112,137;55,1
20,8131;111,068;55,15
20,272;110,008;55,2
19,7971;108,957;55,25
19,384;107,915;55,3
19,0287;106,883;55,35
18,7281;105,859;55,4
18,4792;104,845;55,45
18,2797;103,84;55,5
18,1277;102,844;55,55
18,0215;101,857;55,6
17,96;100,88;55,65
17,9422;99,9123;55,7
17,9677;98,9537;55,75
18,0362;98,0044;55,8
18,1477;97,0643;55,85
18,3027;96,1336;55,9
18,5019;95,212;55,95
18,746;94,2998;56
19,0366;93,3967;56,05
19,3752;92,503;56,1
19,7636;91,6184;56,15
20,2042;90,743;56,2
20,6997;89,8769;56,25
21,253;89,0199;56,3
21,8677;88,1721;56,35
22,5477;87,3336;56,4
23,2973;86,5042;56,45
24,1215;85,6841;56,5
25,0258;84,8732;56,55
26,0165;84,0716;56,6
27,1002;83,2793;56,65
28,2848;82,4963;56,7
29,5787;81,7227;56,75
30,9912;80,9586;56,8
32,5329;80,2039;56,85
34,2154;79,4589;56,9
36,0515;78,7235;56,95
38,0557;77,998;57
40,2436;77,2824;57,05
42,633;76,5768;57,1
45,2435;75,8815;57,15
48,0967;75,1966;57,2
51,2168;74,5223;57,25
54,6305;73,8589;57,3
58,3678;73,2066;57,35
62,4615;72,5658;57,4
66,9486;71,9367;57,45
71,8698;71,3198;57,5
77,2707;70,7155;57,55
83,2018;70,1242;57,6
89,719;69,5466;57,65
96,8849;68,9831;57,7
104,769;68,4345;57,75
113,447;67,9015;57,8
123,006;67,3849;57,85
133,54;66,8856;57,9
145,153;66,4048;57,95
157,963;65,9435;58
172,097;65,503;58,05
187,696;65,0849;58,1
204,918;64,6906;58,15
223,934;64,3219;58,2
244,931;63,981;58,25
268,116;63,6699;58,3
293,713;63,3913;58,35
321,963;63,1478;58,4
353,128;62,9427;58,45
387,489;62,7793;58,5
425,343;62,6615;58,55
467,004;62,5937;58,6
512,798;62,5806;58,65
563,059;62,6276;58,7
618,124;62,7406;58,75
678,321;62,9264;58,8
743,962;63,1921;58,85
815,325;63,5459;58,9
892,637;63,9967;58,95
976,051;64,5544;59
1065,62;65,2297;59,05
1161,26;66,0342;59,1
1262,72;66,9806;59,15
1369,53;68,0823;59,2
1480,99;69,3535;59,25
1596,08;70,8087;59,3
1713,44;72,4629;59,35
1831,36;74,3306;59,4
1947,72;76,4257;59,45
2060,05;78,76;59,5
2165,51;81,343;59,55
2260,99;84,1801;59,6
2343,26;87,2717;59,65
2409,06;90,6113;59,7
2455,4;94,1848;59,75
2479,7;97,9687;59,8
2480,1;101,93;59,85
2455,61;106,026;59,9
2406,32;110,205;59,95
2333,4;114,409;60
2239,12;118,574;60,05
2126,64;122,636;60,1
1999,78;126,534;60,15
1862,76;130,21;60,2
1719,81;133,617;60,25
1574,96;136,719;60,3
1431,75;139,489;60,35
1293,13;141,915;60,4
1161,38;143,992;60,45
1038,1;145,728;60,5
924,268;147,135;60,55
820,351;148,232;60,6
726,387;149,042;60,65
642,098;149,59;60,7
566,984;149,901;60,75
500,404;150;60,8
441,638;149,911;60,85
389,942;149,657;60,9
344,58;149,259;60,95
304,847;148,735;61
270,086;148,103;61,05
239,696;147,378;61,1
213,134;146,573;61,15
189,913;145,7;61,2
169,605;144,769;61,25
151,83;143,789;61,3
136,259;142,769;61,35
122,603;141,714;61,4
110,61;140,631;61,45
100,064;139,525;61,5
90,7768;138,4;61,55
82,5847;137,261;61,6
75,3474;136,11;61,65
68,9432;134,95;61,7
63,2671;133,784;61,75
58,2281;132,613;61,8
53,7477;131,441;61,85
49,7577;130,268;61,9
46,1992;129,095;61,95
43,021;127,925;62
40,1787;126,757;62,05
37,6337;125,593;62,1
35,3524;124,435;62,15
33,3055;123,281;62,2
31,4675;122,133;62,25
29,8161;120,992;62,3
28,3319;119,858;62,35
26,9978;118,731;62,4
25,7988;117,612;62,45
24,7219;116,5;62,5
23,7556;115,397;62,55
22,89;114,302;62,6
22,116;113,216;62,65
21,4262;112,138;62,7
20,8136;111,069;62,75
20,2724;110,009;62,8
19,7975;108,958;62,85
19,3843;107,916;62,9
19,029;106,883;62,95
18,7284;105,86;63
18,4794;104,846;63,05
18,2799;103,84;63,1
18,1278;102,845;63,15
18,0216;101,858;63,2
17,9601;100,881;63,25
17,9423;99,913;63,3
17,9677;98,9543;63,35
18,0362;98,005;63,4
18,1477;97,0649;63,45
18,3027;96,1342;63,5
18,5018;95,2126;63,55
18,7459;94,3004;63,6
19,0365;93,3973;63,65
19,375;92,5035;63,7
19,7634;91,619;63,75
20,204;90,7436;63,8
20,6994;89,8774;63,85
21,2527;89,0205;63,9
21,8674;88,1727;63,95
22,5473;87,3341;64
23,2968;86,5048;64,05
24,121;85,6846;64,1
25,0253;84,8738;64,15
26,0159;84,0721;64,2
27,0996;83,2798;64,25
28,2841;82,4968;64,3
29,5779;81,7232;64,35
30,9903;80,9591;64,4
32,532;80,2044;64,45
34,2144;79,4594;64,5
36,0504;78,724;64,55
38,0544;77,9985;64,6
40,2423;77,2828;64,65
42,6316;76,5773;64,7
45,2419;75,8819;64,75
48,0949;75,197;64,8
51,2148;74,5227;64,85
54,6284;73,8593;64,9
58,3654;73,207;64,95
62,4589;72,5662;65
66,9457;71,9371;65,05
71,8667;71,3202;65,1
77,2673;70,7159;65,15
83,198;70,1246;65,2
89,7149;69,5469;65,25
96,8803;68,9835;65,3
104,764;68,4348;65,35
113,442;67,9018;65,4
123;67,3852;65,45
133,533;66,886;65,5
145,146;66,4051;65,55
157,954;65,9438;65,6
172,087;65,5033;65,65
187,686;65,0851;65,7
204,907;64,6908;65,75
223,922;64,3222;65,8
244,918;63,9812;65,85
268,101;63,6701;65,9
293,696;63,3915;65,95
321,944;63,148;66
353,108;62,9428;66,05
387,466;62,7794;66,1
425,318;62,6616;66,15
466,977;62,5937;66,2
512,768;62,5806;66,25
563,026;62,6276;66,3
618,088;62,7406;66,35
678,282;62,9262;66,4
743,919;63,1919;66,45
815,279;63,5456;66,5
892,587;63,9964;66,55
975,996;64,554;66,6
1065,56;65,2292;66,65
1161,19;66,0337;66,7
1262,65;66,98;66,75
1369,47;68,0816;66,8
1480,92;69,3526;66,85
1596,01;70,8077;66,9
1713,37;72,4618;66,95
1831,28;74,3294;67
1947,65;76,4243;67,05
2059,98;78,7585;67,1
2165,44;81,3413;67,15
2260,93;84,1783;67,2
2343,21;87,2697;67,25
2409,03;90,6092;67,3
2455,37;94,1825;67,35
2479,69;97,9663;67,4
2480,1;101,928;67,45
2455,63;106,024;67,5
2406,35;110,203;67,55
2333,45;114,406;67,6
2239,19;118,572;67,65
2126,71;122,634;67,7
1999,87;126,531;67,75
1862,85;130,208;67,8
1719,9;133,615;67,85
1575,05;136,717;67,9
1431,84;139,488;67,95
1293,22;141,914;68
1161,46;143,991;68,05
1038,17;145,727;68,1
924,337;147,134;68,15
820,413;148,231;68,2
726,443;149,041;68,25
642,149;149,589;68,3
567,029;149,9;68,35
500,443;150;68,4
441,673;149,911;68,45
389,973;149,657;68,5
344,607;149,259;68,55
304,871;148,735;68,6
270,107;148,103;68,65
239,715;147,378;68,7
213,15;146,573;68,75
189,927;145,7;68,8
169,617;144,769;68,85
151,841;143,79;68,9
136,269;142,769;68,95
122,611;141,715;69
110,618;140,632;69,05
100,071;139,526;69,1
90,7824;138,401;69,15
82,5897;137,262;69,2
75,3518;136,11;69,25
68,9471;134,95;69,3
63,2706;133,784;69,35
58,2313;132,614;69,4
53,7505;131,441;69,45
49,7602;130,268;69,5
46,2014;129,096;69,55
43,023;127,925;69,6
40,1805;126,758;69,65
37,6353;125,594;69,7
35,3538;124,435;69,75
33,3068;123,282;69,8
31,4687;122,134;69,85
29,8172;120,993;69,9
28,3329;119,859;69,95
26,9986;118,732;70
25,7996;117,612;70,05
24,7226;116,501;70,1
23,7563;115,398;70,15
22,8905;114,303;70,2
22,1166;113,216;70,25
21,4266;112,139;70,3
20,814;111,07;70,35
20,2728;110,01;70,4
19,7978;108,959;70,45
19,3846;107,917;70,5
19,0293;106,884;70,55
18,7286;105,86;70,6
18,4796;104,846;70,65
18,2801;103,841;70,7
18,128;102,845;70,75
18,0217;101,859;70,8
17,9602;100,881;70,85
17,9423;99,9136;70,9
17,9678;98,9549;70,95
18,0362;98,0056;71
18,1477;97,0655;71,05
18,3026;96,1347;71,1
18,5017;95,2132;71,15
18,7458;94,3009;71,2
19,0364;93,3979;71,25
19,3748;92,5041;71,3
19,7632;91,6195;71,35
20,2038;90,7441;71,4
20,6992;89,8779;71,45
21,2525;89,021;71,5
21,8671;88,1732;71,55
22,5469;87,3346;71,6
23,2964;86,5053;71,65
24,1206;85,6851;71,7
25,0248;84,8743;71,75
26,0153;84,0726;71,8
27,099;83,2803;71,85
28,2834;82,4973;71,9
29,5771;81,7237;71,95
30,9895;80,9595;72
32,5311;80,2049;72,05
34,2134;79,4598;72,1
36,0494;78,7245;72,15
38,0533;77,9989;72,2
40,241;77,2833;72,25
42,6302;76,5777;72,3
45,2403;75,8824;72,35
48,0932;75,1974;72,4
51,213;74,5231;72,45
54,6264;73,8597;72,5
58,3632;73,2074;72,55
62,4565;72,5666;72,6
66,9431;71,9375;72,65
71,8638;71,3206;72,7
77,2641;70,7163;72,75
83,1944;70,125;72,8
89,7109;69,5473;72,85
96,876;68,9838;72,9
104,759;68,4352;72,95
113,436;67,9021;73
122,994;67,3855;73,05
133,527;66,8863;73,1
145,139;66,4054;73,15
157,947;65,9441;73,2
172,079;65,5036;73,25
187,677;65,0854;73,3
204,897;64,6911;73,35
223,91;64,3224;73,4
244,905;63,9814;73,45
268,087;63,6703;73,5
293,68;63,3917;73,55
321,927;63,1482;73,6
353,088;62,943;73,65
387,445;62,7795;73,7
425,295;62,6617;73,75
466,951;62,5938;73,8
512,74;62,5806;73,85
562,995;62,6275;73,9
618,054;62,7405;73,95
678,245;62,9261;74
743,879;63,1917;74,05
815,235;63,5454;74,1
892,539;63,9961;74,15
975,945;64,5537;74,2
1065,5;65,2288;74,25
1161,14;66,0332;74,3
1262,59;66,9794;74,35
1369,4;68,0809;74,4
1480,85;69,3518;74,45
1595,94;70,8068;74,5
1713,3;72,4608;74,55
1831,21;74,3283;74,6
1947,58;76,423;74,65
2059,91;78,757;74,7
2165,38;81,3397;74,75
2260,88;84,1765;74,8
2343,16;87,2678;74,85
2408,99;90,6071;74,9
2455,35;94,1803;74,95
2479,68;97,964;75
2480,11;101,925;75,05
2455,65;106,021;75,1
2406,39;110,2;75,15
2333,5;114,404;75,2
2239,25;118,569;75,25
2126,78;122,631;75,3
1999,94;126,529;75,35
1862,93;130,205;75,4
1719,99;133,613;75,45
1575,13;136,715;75,5
1431,92;139,486;75,55
1293,3;141,912;75,6
1161,54;143,99;75,65
1038,24;145,726;75,7
924,401;147,133;75,75
820,472;148,23;75,8
726,496;149,041;75,85
642,196;149,589;75,9
567,071;149,9;75,95
500,481;150;76
441,706;149,911;76,05
390,002;149,657;76,1
344,632;149,259;76,15
304,893;148,736;76,2
270,127;148,104;76,25
239,732;147,379;76,3
213,165;146,574;76,35
189,94;145,701;76,4
169,628;144,77;76,45
151,851;143,79;76,5
136,278;142,77;76,55
122,619;141,715;76,6
110,624;140,632;76,65
100,077;139,526;76,7
90,7878;138,402;76,75
82,5944;137,262;76,8
75,356;136,111;76,85
68,9509;134,951;76,9
63,2739;133,785;76,95
58,2342;132,615;77
53,7531;131,442;77,05
49,7625;130,269;77,1
46,2035;129,097;77,15
43,0249;127,926;77,2
40,1822;126,758;77,25
37,6368;125,595;77,3
35,3552;124,436;77,35
33,308;123,282;77,4
31,4698;122,135;77,45
29,8182;120,994;77,5
28,3338;119,859;77,55
26,9995;118,732;77,6
25,8003;117,613;77,65
24,7233;116,502;77,7
23,7569;115,398;77,75
22,8911;114,303;77,8
22,1171;113,217;77,85
21,4271;112,139;77,9
20,8144;111,07;77,95
20,2732;110,01;78
19,7981;108,959;78,05
19,3849;107,917;78,1
19,0296;106,885;78,15
18,7288;105,861;78,2
18,4798;104,847;78,25
18,2803;103,842;78,3
18,1281;102,846;78,35
18,0219;101,859;78,4
17,9602;100,882;78,45
17,9424;99,9141;78,5
17,9678;98,9555;78,55
18,0362;98,0061;78,6
18,1477;97,0661;78,65
18,3026;96,1353;78,7
18,5016;95,2137;78,75
18,7458;94,3015;78,8
19,0362;93,3984;78,85
19,3747;92,5046;78,9
19,763;91,62;78,95
20,2036;90,7446;79
20,699;89,8784;79,05
21,2522;89,0215;79,1
21,8668;88,1737;79,15
22,5466;87,3351;79,2
23,2961;86,5058;79,25
24,1201;85,6856;79,3
25,0243;84,8747;79,35
26,0148;84,0731;79,4
27,0984;83,2808;79,45
28,2828;82,4978;79,5
29,5765;81,7242;79,55
30,9888;80,96;79,6
32,5303;80,2053;79,65
34,2125;79,4603;79,7
36,0484;78,7249;79,75
38,0522;77,9993;79,8
40,2398;77,2837;79,85
42,6289;76,5781;79,9
45,2389;75,8828;79,95
48,0917;75,1978;80
51,2113;74,5235;80,05
54,6245;73,8601;80,1
58,3611;73,2078;80,15
62,4542;72,5669;80,2
66,9406;71,9379;80,25
71,861;71,3209;80,3
77,2611;70,7166;80,35
83,1911;70,1253;80,4
89,7073;69,5476;80,45
96,872;68,9841;80,5
104,754;68,4355;80,55
113,432;67,9025;80,6
122,989;67,3858;80,65
133,521;66,8866;80,7
145,132;66,4057;80,75
157,939;65,9444;80,8
172,071;65,5039;80,85
187,668;65,0856;80,9
204,887;64,6913;80,95
223,899;64,3226;81
244,893;63,9816;81,05
268,074;63,6705;81,1
293,665;63,3918;81,15
321,911;63,1483;81,2
353,07;62,9431;81,25
387,425;62,7796;81,3
425,273;62,6617;81,35
466,927;62,5938;81,4
512,713;62,5806;81,45
562,966;62,6275;81,5
618,022;62,7404;81,55
678,21;62,926;81,6
743,841;63,1916;81,65
815,194;63,5452;81,7
892,495;63,9959;81,75
975,897;64,5534;81,8
1065,45;65,2284;81,85
1161,08;66,0327;81,9
1262,53;66,9789;81,95
1369,34;68,0803;82
1480,79;69,3511;82,05
1595,87;70,806;82,1
1713,23;72,4598;82,15
1831,15;74,3272;82,2
1947,52;76,4218;82,25
2059,85;78,7557;82,3
2165,32;81,3382;82,35
2260,83;84,1749;82,4
2343,12;87,266;82,45
2408,96;90,6052;82,5
2455,33;94,1783;82,55
2479,67;97,9618;82,6
2480,11;101,923;82,65
2455,67;106,019;82,7
2406,42;110,198;82,75
2333,55;114,402;82,8
2239,3;118,567;82,85
2126,85;122,629;82,9
2000,02;126,527;82,95
1863;130,203;83
1720,06;133,611;83,05
1575,21;136,714;83,1
1432;139,485;83,15
1293,37;141,911;83,2
1161,61;143,989;83,25
1038,31;145,725;83,3
924,461;147,132;83,35
820,527;148,23;83,4
726,546;149,041;83,45
642,24;149,589;83,5
567,111;149,9;83,55
500,516;150;83,6
441,737;149,911;83,65
390,029;149,657;83,7
344,656;149,259;83,75
304,914;148,736;83,8
270,145;148,104;83,85
239,748;147,379;83,9
213,179;146,574;83,95
189,952;145,701;84
169,639;144,77;84,05
151,861;143,791;84,1
136,286;142,77;84,15
122,626;141,716;84,2
110,631;140,633;84,25
100,082;139,527;84,3
90,7928;138,402;84,35
82,5988;137,263;84,4
75,3599;136,112;84,45
68,9543;134,952;84,5
63,277;133,786;84,55
58,2369;132,615;84,6
53,7556;131,443;84,65
49,7647;130,27;84,7
46,2055;129,097;84,75
43,0266;127,927;84,8
40,1838;126,759;84,85
37,6382;125,595;84,9
35,3565;124,437;84,95
33,3092;123,283;85
31,4709;122,135;85,05
29,8192;120,994;85,1
28,3347;119,86;85,15
27,0002;118,733;85,2
25,801;117,614;85,25
24,7239;116,502;85,3
23,7575;115,399;85,35
22,8916;114,304;85,4
22,1175;113,217;85,45
21,4275;112,14;85,5
20,8148;111,071;85,55
20,2735;110,011;85,6
19,7984;108,96;85,65
19,3852;107,918;85,7
19,0298;106,885;85,75
18,729;105,862;85,8
18,48;104,847;85,85
18,2804;103,842;85,9
18,1283;102,846;85,95
18,022;101,86;86
17,9603;100,883;86,05
17,9425;99,9146;86,1
17,9678;98,956;86,15
18,0362;98,0066;86,2
18,1477;97,0666;86,25
18,3026;96,1358;86,3
18,5016;95,2142;86,35
18,7457;94,3019;86,4
19,0361;93,3989;86,45
19,3746;92,5051;86,5
19,7629;91,6205;86,55
20,2034;90,7451;86,6
20,6987;89,8789;86,65
21,252;89,0219;86,7
21,8665;88,1742;86,75
22,5463;87,3356;86,8
23,2957;86,5062;86,85
24,1198;85,6861;86,9
25,0239;84,8752;86,95
26,0143;84,0735;87
27,0979;83,2812;87,05
28,2822;82,4982;87,1
29,5758;81,7246;87,15
30,9881;80,9604;87,2
32,5295;80,2057;87,25
34,2117;79,4607;87,3
36,0475;78,7253;87,35
38,0512;77,9997;87,4
40,2387;77,2841;87,45
42,6277;76,5785;87,5
45,2376;75,8831;87,55
48,0902;75,1982;87,6
51,2097;74,5239;87,65
54,6228;73,8605;87,7
58,3592;73,2082;87,75
62,4521;72,5673;87,8
66,9383;71,9382;87,85
71,8585;71,3213;87,9
77,2583;70,7169;87,95
83,188;70,1257;88
89,7039;69,548;88,05
96,8682;68,9845;88,1
104,75;68,4358;88,15
113,427;67,9027;88,2
122,984;67,3861;88,25
133,515;66,8868;88,3
145,126;66,406;88,35
157,933;65,9446;88,4
172,063;65,5041;88,45
187,66;65,0859;88,5
204,878;64,6915;88,55
223,889;64,3228;88,6
244,882;63,9818;88,65
268,061;63,6707;88,7
293,652;63,392;88,75
321,895;63,1484;88,8
353,054;62,9432;88,85
387,407;62,7797;88,9
425,253;62,6618;88,95
466,905;62,5939;89
512,689;62,5806;89,05
562,939;62,6275;89,1
617,993;62,7404;89,15
678,178;62,9259;89,2
743,806;63,1914;89,25
815,155;63,545;89,3
892,453;63,9956;89,35
975,853;64,5531;89,4
1065,41;65,2281;89,45
1161,03;66,0323;89,5
1262,48;66,9784;89,55
1369,28;68,0797;89,6
1480,73;69,3504;89,65
1595,81;70,8052;89,7
1713,17;72,4589;89,75
1831,08;74,3262;89,8
1947,46;76,4207;89,85
2059,79;78,7545;89,9
2165,27;81,3369;89,95
2260,78;84,1734;90
2343,08;87,2644;90,05
2408,93;90,6035;90,1
2455,31;94,1764;90,15
2479,66;97,9598;90,2
2480,12;101,921;90,25
2455,69;106,017;90,3
2406,45;110,196;90,35
2333,59;114,399;90,4
2239,35;118,565;90,45
2126,91;122,627;90,5
2000,08;126,525;90,55
1863,08;130,202;90,6
1720,14;133,61;90,65
1575,28;136,712;90,7
1432,07;139,483;90,75
1293,44;141,91;90,8
1161,67;143,988;90,85
1038,37;145,724;90,9
924,518;147,131;90,95
820,578;148,229;91
726,592;149,04;91,05
642,282;149,589;91,1
567,148;149,9;91,15
500,548;149,999;91,2
441,765;149,911;91,25
390,054;149,658;91,3
344,678;149,26;91,35
304,933;148,736;91,4
270,162;148,104;91,45
239,763;147,379;91,5
213,192;146,574;91,55
189,964;145,701;91,6
169,649;144,771;91,65
151,869;143,791;91,7
136,294;142,771;91,75
122,633;141,716;91,8
110,637;140,634;91,85
100,088;139,528;91,9
90,7974;138,403;91,95
82,6029;137,263;92
75,3636;136,112;92,05
68,9576;134,952;92,1
63,2799;133,786;92,15
58,2395;132,616;92,2
53,7579;131,443;92,25
49,7668;130,27;92,3
46,2073;129,098;92,35
43,0283;127,927;92,4
40,1852;126,76;92,45
37,6396;125,596;92,5
35,3577;124,437;92,55
33,3103;123,284;92,6
31,4718;122,136;92,65
29,8201;120,995;92,7
28,3355;119,86;92,75
27,001;118,733;92,8
25,8017;117,614;92,85
24,7245;116,503;92,9
23,758;115,399;92,95
22,8921;114,304;93
22,118;113,218;93,05
21,4279;112,14;93,1
20,8152;111,071;93,15
20,2738;110,011;93,2
19,7987;108,96;93,25
19,3854;107,918;93,3
19,03;106,886;93,35
18,7292;105,862;93,4
18,4802;104,848;93,45
18,2806;103,843;93,5
18,1284;102,847;93,55
18,0221;101,86;93,6
17,9604;100,883;93,65
17,9425;99,9151;93,7
17,9679;98,9565;93,75
18,0363;98,0071;93,8
18,1477;97,067;93,85
18,3026;96,1362;93,9
18,5015;95,2147;93,95
18,7456;94,3024;94
19,036;93,3993;94,05
19,3745;92,5055;94,1
19,7628;91,6209;94,15
20,2032;90,7455;94,2
20,6986;89,8793;94,25
21,2517;89,0224;94,3
21,8662;88,1746;94,35
22,546;87,336;94,4
23,2954;86,5066;94,45
24,1194;85,6865;94,5
25,0235;84,8756;94,55
26,0139;84,0739;94,6
27,0974;83,2816;94,65
28,2817;82,4986;94,7
29,5753;81,725;94,75
30,9875;80,9608;94,8
32,5288;80,2061;94,85
34,2109;79,461;94,9
36,0466;78,7257;94,95
38,0503;78,0001;95
40,2377;77,2844;95,05
42,6266;76,5788;95,1
45,2364;75,8835;95,15
48,0889;75,1985;95,2
51,2082;74,5242;95,25
54,6212;73,8608;95,3
58,3574;73,2085;95,35
62,4502;72,5676;95,4
66,9361;71,9385;95,45
71,8562;71,3216;95,5
77,2557;70,7172;95,55
83,1852;70,126;95,6
89,7008;69,5482;95,65
96,8648;68,9847;95,7
104,747;68,4361;95,75
113,423;67,903;95,8
122,979;67,3864;95,85
133,51;66,8871;95,9
145,12;66,4062;95,95
157,926;65,9449;96
172,056;65,5043;96,05
187,652;65,0861;96,1
204,869;64,6917;96,15
223,88;64,323;96,2
244,871;63,982;96,25
268,05;63,6709;96,3
293,639;63,3921;96,35
321,882;63,1486;96,4
353,038;62,9433;96,45
387,39;62,7798;96,5
425,234;62,6619;96,55
466,884;62,5939;96,6
512,666;62,5807;96,65
562,914;62,6275;96,7
617,965;62,7403;96,75
678,148;62,9259;96,8
743,773;63,1913;96,85
815,12;63,5449;96,9
892,415;63,9954;96,95
975,811;64,5528;97
1065,36;65,2277;97,05
1160,98;66,0319;97,1
1262,43;66,9779;97,15
1369,23;68,0792;97,2
1480,68;69,3498;97,25
1595,75;70,8045;97,3
1713,11;72,4581;97,35
1831,03;74,3253;97,4
1947,4;76,4196;97,45
2059,74;78,7533;97,5
2165,22;81,3356;97,55
2260,73;84,172;97,6
2343,04;87,2629;97,65
2408,9;90,6018;97,7
2455,29;94,1746;97,75
2479,66;97,958;97,8
2480,12;101,919;97,85
2455,7;106,015;97,9
2406,48;110,194;97,95
2333,63;114,397;98
2239,4;118,563;98,05
2126,96;122,625;98,1
2000,14;126,523;98,15
1863,14;130,2;98,2
1720,21;133,608;98,25
1575,35;136,711;98,3
1432,14;139,482;98,35
1293,51;141,909;98,4
1161,74;143,987;98,45
1038,43;145,723;98,5
924,57;147,131;98,55
820,625;148,229;98,6
726,635;149,04;98,65
642,32;149,588;98,7
567,182;149,9;98,75
500,578;149,999;98,8
441,792;149,911;98,85
390,078;149,658;98,9
344,699;149,26;98,95
304,951;148,736;99
270,178;148,105;99,05
239,776;147,38;99,1
213,204;146,575;99,15
189,975;145,702;99,2
169,659;144,771;99,25
151,878;143,792;99,3
136,301;142,771;99,35
122,639;141,717;99,4
110,642;140,634;99,45
100,093;139,528;99,5
90,8018;138,403;99,55
82,6068;137,264;99,6
75,367;136,113;99,65
68,9606;134,953;99,7
63,2826;133,787;99,75
58,2419;132,616;99,8
53,76;131,444;99,85
49,7687;130,271;99,9
46,209;129,098;99,95
43,0298;127,928;100
40,1866;126,76;100,05
37,6408;125,597;100,1
35,3588;124,438;100,15
33,3113;123,284;100,2
31,4728;122,136;100,25
29,8209;120,995;100,3
28,3362;119,861;100,35
27,0017;118,734;100,4
25,8023;117,615;100,45
24,7251;116,503;100,5
23,7585;115,4;100,55
22,8926;114,305;100,6
22,1184;113,218;100,65
21,4283;112,141;100,7
20,8155;111,072;100,75
20,2741;110,012;100,8
19,799;108,961;100,85
19,3857;107,919;100,9
19,0302;106,886;100,95
18,7294;105,863;101
18,4804;104,848;101,05
18,2807;103,843;101,1
18,1285;102,847;101,15
18,0222;101,861;101,2
17,9605;100,884;101,25
17,9426;99,9156;101,3
17,9679;98,9569;101,35
18,0363;98,0076;101,4
18,1477;97,0675;101,45
18,3025;96,1367;101,5
18,5015;95,2151;101,55
18,7456;94,3028;101,6
19,036;93,3998;101,65
19,3744;92,5059;101,7
19,7626;91,6213;101,75
20,2031;90,7459;101,8
20,6984;89,8797;101,85
21,2515;89,0228;101,9
21,866;88,175;101,95
22,5458;87,3364;102
23,2951;86,507;102,05
24,1191;85,6869;102,1
25,0232;84,8759;102,15
26,0135;84,0743;102,2
27,097;83,282;102,25
28,2813;82,4989;102,3
29,5747;81,7253;102,35
30,9869;80,9611;102,4
32,5282;80,2065;102,45
34,2102;79,4614;102,5
36,0459;78,726;102,55
38,0494;78,0004;102,6
40,2368;77,2848;102,65
42,6256;76,5792;102,7
45,2353;75,8838;102,75
48,0877;75,1989;102,8
51,2069;74,5245;102,85
54,6197;73,8611;102,9
58,3558;73,2088;102,95
62,4484;72,5679;103
66,9342;71,9388;103,05
71,854;71,3219;103,1
77,2533;70,7175;103,15
83,1826;70,1262;103,2
89,6979;69,5485;103,25
96,8616;68,985;103,3
104,743;68,4363;103,35
113,419;67,9033;103,4
122,975;67,3866;103,45
133,505;66,8873;103,5
145,115;66,4064;103,55
157,921;65,9451;103,6
172,05;65,5045;103,65
187,645;65,0863;103,7
204,861;64,6919;103,75
223,871;64,3232;103,8
244,862;63,9822;103,85
268,04;63,671;103,9
293,628;63,3923;103,95
321,869;63,1487;104
353,024;62,9434;104,05
387,374;62,7799;104,1
425,217;62,6619;104,15
466,865;62,5939;104,2
512,645;62,5807;104,25
562,892;62,6275;104,3
617,94;62,7403;104,35
678,12;62,9258;104,4
743,743;63,1912;104,45
815,087;63,5447;104,5
892,38;63,9952;104,55
975,773;64,5526;104,6
1065,32;65,2274;104,65
1160,94;66,0316;104,7
1262,38;66,9775;104,75
1369,18;68,0787;104,8
1480,63;69,3492;104,85
1595,7;70,8039;104,9
1713,06;72,4574;104,95
1830,98;74,3244;105
1947,35;76,4187;105,05
2059,69;78,7522;105,1
2165,17;81,3344;105,15
2260,69;84,1707;105,2
2343;87,2615;105,25
2408,87;90,6003;105,3
2455,27;94,173;105,35
2479,65;97,9563;105,4
2480,12;101,917;105,45
2455,72;106,013;105,5
2406,5;110,192;105,55
2333,66;114,396;105,6
2239,44;118,561;105,65
2127,01;122,623;105,7
2000,2;126,521;105,75
1863,2;130,198;105,8
1720,27;133,607;105,85
1575,41;136,709;105,9
1432,2;139,481;105,95
1293,57;141,907;106
1161,79;143,986;106,05
1038,48;145,722;106,1
924,618;147,13;106,15
820,669;148,228;106,2
726,674;149,04;106,25
642,355;149,588;106,3
567,213;149,9;106,35
500,606;149,999;106,4
441,817;149,911;106,45
390,099;149,658;106,5
344,718;149,26;106,55
304,968;148,737;106,6
270,192;148,105;106,65
239,789;147,38;106,7
213,215;146,575;106,75
189,984;145,702;106,8
169,667;144,772;106,85
151,885;143,792;106,9
136,307;142,772;106,95
122,645;141,717;107
110,648;140,634;107,05
100,097;139,529;107,1
90,8058;138,404;107,15
82,6103;137,264;107,2
75,3701;136,113;107,25
68,9634;134,953;107,3
63,2851;133,787;107,35
58,2441;132,617;107,4
53,762;131,444;107,45
49,7705;130,271;107,5
46,2106;129,099;107,55
43,0313;127,928;107,6
40,1879;126,761;107,65
37,642;125,597;107,7
35,3598;124,438;107,75
33,3122;123,285;107,8
31,4736;122,137;107,85
29,8217;120,996;107,9
28,3369;119,861;107,95
27,0023;118,734;108
25,8029;117,615;108,05
24,7256;116,504;108,1
23,759;115,4;108,15
22,893;114,305;108,2
22,1188;113,219;108,25
21,4287;112,141;108,3
20,8158;111,072;108,35
20,2744;110,012;108,4
19,7993;108,961;108,45
19,3859;107,919;108,5
19,0305;106,887;108,55
18,7296;105,863;108,6
18,4805;104,849;108,65
18,2809;103,844;108,7
18,1286;102,848;108,75
18,0223;101,861;108,8
17,9606;100,884;108,85
17,9427;99,916;108,9
17,968;98,9573;108,95
18,0363;98,008;109
18,1477;97,0679;109,05
18,3025;96,1371;109,1
18,5015;95,2155;109,15
18,7455;94,3032;109,2
19,0359;93,4001;109,25
19,3743;92,5063;109,3
19,7625;91,6217;109,35
20,203;90,7463;109,4
20,6982;89,8801;109,45
21,2514;89,0231;109,5
21,8658;88,1753;109,55
22,5455;87,3367;109,6
23,2949;86,5074;109,65
24,1188;85,6872;109,7
25,0229;84,8763;109,75
26,0132;84,0746;109,8
27,0966;83,2823;109,85
28,2808;82,4993;109,9
29,5743;81,7256;109,95
30,9864;80,9615;110
32,5276;80,2068;110,05
34,2096;79,4617;110,1
36,0452;78,7263;110,15
38,0487;78,0007;110,2
40,236;77,2851;110,25
42,6246;76,5795;110,3
45,2343;75,8841;110,35
48,0866;75,1992;110,4
51,2057;74,5248;110,45
54,6184;73,8614;110,5
58,3544;73,2091;110,55
62,4468;72,5682;110,6
66,9324;71,9391;110,65
71,8521;71,3221;110,7
77,2512;70,7178;110,75
83,1802;70,1265;110,8
89,6953;69,5488;110,85
96,8588;68,9852;110,9
104,74;68,4366;110,95
113,415;67,9035;111
122,971;67,3868;111,05
133,501;66,8876;111,1
145,11;66,4066;111,15
157,915;65,9453;111,2
172,044;65,5047;111,25
187,639;65,0865;111,3
204,854;64,6921;111,35
223,863;64,3234;111,4
244,853;63,9823;111,45
268,03;63,6712;111,5
293,617;63,3924;111,55
321,857;63,1488;111,6
353,011;62,9435;111,65
387,36;62,7799;111,7
425,201;62,662;111,75
466,848;62,594;111,8
512,626;62,5807;111,85
562,871;62,6275;111,9
617,917;62,7403;111,95
678,095;62,9257;112
743,716;63,1911;112,05
815,058;63,5446;112,1
892,347;63,995;112,15
975,739;64,5523;112,2
1065,28;65,2272;112,25
1160,9;66,0312;112,3
1262,34;66,9771;112,35
1369,14;68,0782;112,4
1480,58;69,3487;112,45
1595,65;70,8033;112,5
1713,01;72,4567;112,55
1830,93;74,3237;112,6
1947,3;76,4178;112,65
2059,65;78,7513;112,7
2165,13;81,3334;112,75
2260,66;84,1696;112,8
2342,97;87,2602;112,85
2408,84;90,5989;112,9
2455,26;94,1716;112,95
2479,64;97,9548;113
2480,12;101,916;113,05
2455,73;106,011;113,1
2406,52;110,19;113,15
2333,69;114,394;113,2
2239,48;118,559;113,25
2127,06;122,622;113,3
2000,25;126,52;113,35
1863,26;130,197;113,4
1720,33;133,605;113,45
1575,47;136,708;113,5
1432,25;139,48;113,55
1293,62;141,907;113,6
1161,84;143,985;113,65
1038,53;145,722;113,7
924,661;147,13;113,75
820,709;148,228;113,8
726,71;149,039;113,85
642,387;149,588;113,9
567,242;149,9;113,95
500,632;149,999;114
441,839;149,911;114,05
390,119;149,658;114,1
344,735;149,26;114,15
304,983;148,737;114,2
270,206;148,105;114,25
239,801;147,38;114,3
213,225;146,575;114,35
189,993;145,703;114,4
169,675;144,772;114,45
151,892;143,792;114,5
136,313;142,772;114,55
122,65;141,718;114,6
110,652;140,635;114,65
100,101;139,529;114,7
90,8094;138,404;114,75
82,6136;137,265;114,8
75,373;136,114;114,85
68,966;134,954;114,9
63,2873;133,788;114,95
58,2462;132,617;115
53,7638;131,445;115,05
49,7721;130,272;115,1
46,2121;129,099;115,15
43,0326;127,929;115,2
40,1891;126,761;115,25
37,643;125,598;115,3
35,3608;124,439;115,35
33,3131;123,285;115,4
31,4744;122,137;115,45
29,8224;120,996;115,5
28,3375;119,862;115,55
27,0029;118,735;115,6
25,8034;117,616;115,65
24,7261;116,504;115,7
23,7594;115,401;115,75
22,8934;114,306;115,8
22,1191;113,219;115,85
21,429;112,142;115,9
20,8161;111,073;115,95
20,2747;110,013;116
19,7995;108,962;116,05
19,3861;107,92;116,1
19,0307;106,887;116,15
18,7298;105,863;116,2
18,4807;104,849;116,25
18,281;103,844;116,3
18,1287;102,848;116,35
18,0224;101,862;116,4
17,9606;100,884;116,45
17,9427;99,9164;116,5
17,968;98,9577;116,55
18,0363;98,0083;116,6
18,1477;97,0682;116,65
18,3025;96,1374;116,7
18,5015;95,2159;116,75
18,7455;94,3036;116,8
19,0358;93,4005;116,85
19,3742;92,5067;116,9
19,7624;91,6221;116,95
20,2029;90,7466;117
20,6981;89,8804;117,05
21,2512;89,0235;117,1
21,8657;88,1757;117,15
22,5453;87,3371;117,2
23,2947;86,5077;117,25
24,1186;85,6875;117,3
25,0226;84,8766;117,35
26,0129;84,075;117,4
27,0963;83,2826;117,45
28,2804;82,4996;117,5
29,5739;81,7259;117,55
30,9859;80,9618;117,6
32,5271;80,2071;117,65
34,209;79,462;117,7
36,0446;78,7266;117,75
38,048;78,001;117,8
40,2352;77,2853;117,85
42,6238;76,5797;117,9
45,2334;75,8844;117,95
48,0856;75,1994;118
51,2046;74,5251;118,05
54,6172;73,8616;118,1
58,3531;73,2093;118,15
62,4454;72,5684;118,2
66,9308;71,9393;118,25
71,8503;71,3224;118,3
77,2492;70,718;118,35
83,1781;70,1267;118,4
89,693;69,549;118,45
96,8562;68,9855;118,5
104,737;68,4368;118,55
113,412;67,9037;118,6
122,968;67,3871;118,65
133,497;66,8877;118,7
145,106;66,4068;118,75
157,911;65,9455;118,8
172,039;65,5049;118,85
187,633;65,0866;118,9
204,848;64,6922;118,95
223,856;64,3235;119
244,846;63,9824;119,05
268,021;63,6713;119,1
293,608;63,3925;119,15
321,847;63,1489;119,2
353;62,9436;119,25
387,347;62,78;119,3
425,187;62,6621;119,35
466,832;62,594;119,4
512,609;62,5807;119,45
562,852;62,6275;119,5
617,897;62,7402;119,55
678,073;62,9257;119,6
743,691;63,191;119,65
815,031;63,5445;119,7
892,318;63,9949;119,75
975,707;64,5521;119,8
1065,25;65,2269;119,85
1160,86;66,031;119,9
1262,3;66,9768;119,95
1369,1;68,0778;120
1480,54;69,3483;120,05
1595,61;70,8027;120,1
1712,97;72,4561;120,15
1830,88;74,323;120,2
1947,26;76,4171;120,25
2059,6;78,7504;120,3
2165,09;81,3324;120,35
2260,62;84,1685;120,4
2342,94;87,259;120,45
2408,82;90,5977;120,5
2455,24;94,1702;120,55
2479,63;97,9534;120,6
2480,13;101,914;120,65
2455,74;106,01;120,7
2406,54;110,189;120,75
2333,72;114,392;120,8
2239,52;118,558;120,85
2127,1;122,62;120,9
2000,3;126,518;120,95
1863,31;130,196;121
1720,38;133,604;121,05
1575,52;136,707;121,1
1432,3;139,479;121,15
1293,67;141,906;121,2
1161,89;143,984;121,25
1038,57;145,721;121,3
924,701;147,129;121,35
820,745;148,228;121,4
726,742;149,039;121,45
642,417;149,588;121,5
567,268;149,9;121,55
500,655;149,999;121,6
441,859;149,911;121,65
390,137;149,658;121,7
344,751;149,26;121,75
304,997;148,737;121,8
270,218;148,105;121,85
239,811;147,381;121,9
213,235;146,576;121,95
190,001;145,703;122
169,682;144,772;122,05
151,898;143,793;122,1
136,319;142,772;122,15
122,655;141,718;122,2
110,656;140,635;122,25
100,105;139,529;122,3
90,8128;138,405;122,35
82,6165;137,265;122,4
75,3756;136,114;122,45
68,9683;134,954;122,5
63,2894;133,788;122,55
58,248;132,618;122,6
53,7654;131,445;122,65
49,7736;130,272;122,7
46,2134;129,1;122,75
43,0338;127,929;122,8
40,1902;126,762;122,85
37,644;125,598;122,9
35,3617;124,439;122,95
33,3139;123,285;123
31,4751;122,138;123,05
29,823;120,997;123,1
28,3381;119,862;123,15
27,0034;118,735;123,2
25,8039;117,616;123,25
24,7265;116,504;123,3
23,7598;115,401;123,35
22,8938;114,306;123,4
22,1195;113,22;123,45
21,4293;112,142;123,5
20,8164;111,073;123,55
20,2749;110,013;123,6
19,7997;108,962;123,65
19,3863;107,92;123,7
19,0308;106,887;123,75
18,7299;105,864;123,8
18,4808;104,849;123,85
18,2811;103,844;123,9
18,1289;102,848;123,95
18,0225;101,862;124
17,9607;100,885;124,05
17,9428;99,9167;124,1
17,9681;98,958;124,15
18,0364;98,0087;124,2
18,1477;97,0686;124,25
18,3025;96,1377;124,3
18,5014;95,2162;124,35
18,7454;94,3039;124,4
19,0358;93,4008;124,45
19,3741;92,507;124,5
19,7624;91,6224;124,55
20,2028;90,747;124,6
20,698;89,8808;124,65
21,2511;89,0238;124,7
21,8655;88,176;124,75
22,5452;87,3374;124,8
23,2945;86,508;124,85
24,1184;85,6878;124,9
25,0223;84,8769;124,95
26,0126;84,0752;125
27,096;83,2829;125,05
28,2801;82,4999;125,1
29,5735;81,7262;125,15
30,9855;80,962;125,2
32,5267;80,2073;125,25
34,2085;79,4623;125,3
36,044;78,7269;125,35
38,0474;78,0013;125,4
40,2346;77,2856;125,45
42,6231;76,58;125,5
45,2326;75,8846;125,55
48,0847;75,1997;125,6
51,2036;74,5253;125,65
54,6161;73,8619;125,7
58,3519;73,2096;125,75
62,4441;72,5687;125,8
66,9294;71,9396;125,85
71,8488;71,3226;125,9
77,2475;70,7182;125,95
83,1762;70,1269;126
89,6909;69,5492;126,05
96,8539;68,9857;126,1
104,734;68,437;126,15
113,41;67,9039;126,2
122,964;67,3872;126,25
133,494;66,8879;126,3
145,102;66,407;126,35
157,907;65,9456;126,4
172,034;65,5051;126,45
187,628;65,0868;126,5
204,842;64,6924;126,55
223,85;64,3236;126,6
244,839;63,9826;126,65
268,014;63,6714;126,7
293,599;63,3926;126,75
321,837;63,149;126,8
352,989;62,9437;126,85
387,336;62,7801;126,9
425,174;62,6621;126,95
466,818;62,5941;127
512,594;62,5807;127,05
562,835;62,6275;127,1
617,878;62,7402;127,15
678,052;62,9256;127,2
743,669;63,1909;127,25
815,007;63,5443;127,3
892,292;63,9947;127,35
975,679;64,552;127,4
1065,22;65,2267;127,45
1160,83;66,0307;127,5
1262,27;66,9765;127,55
1369,06;68,0775;127,6
1480,5;69,3478;127,65
1595,57;70,8022;127,7
1712,93;72,4555;127,75
1830,84;74,3223;127,8
1947,22;76,4164;127,85
2059,57;78,7496;127,9
2165,06;81,3315;127,95
2260,59;84,1676;128
2342,92;87,258;128,05
2408,8;90,5966;128,1
2455,23;94,1691;128,15
2479,63;97,9521;128,2
2480,13;101,913;128,25
2455,75;106,008;128,3
2406,56;110,187;128,35
2333,75;114,391;128,4
2239,55;118,556;128,45
2127,14;122,619;128,5
2000,34;126,517;128,55
1863,35;130,194;128,6
1720,42;133,603;128,65
1575,57;136,706;128,7
1432,35;139,478;128,75
1293,71;141,905;128,8
1161,93;143,984;128,85
1038,61;145,721;128,9
924,736;147,129;128,95
820,777;148,227;129
726,772;149,039;129,05
642,443;149,588;129,1
567,291;149,899;129,15
500,675;149,999;129,2
441,878;149,911;129,25
390,153;149,658;129,3
344,765;149,26;129,35
305,009;148,737;129,4
270,229;148,106;129,45
239,821;147,381;129,5
213,243;146,576;129,55
190,009;145,703;129,6
169,689;144,773;129,65
151,904;143,793;129,7
136,324;142,773;129,75
122,66;141,718;129,8
110,66;140,636;129,85
100,109;139,53;129,9
90,8158;138,405;129,95
82,6192;137,266;130
75,378;136,114;130,05
68,9704;134,955;130,1
63,2913;133,788;130,15
58,2497;132,618;130,2
53,7669;131,446;130,25
49,7749;130,272;130,3
46,2146;129,1;130,35
43,0348;127,929;130,4
40,1911;126,762;130,45
37,6449;125,598;130,5
35,3625;124,439;130,55
33,3146;123,286;130,6
31,4758;122,138;130,65
29,8236;120,997;130,7
28,3387;119,863;130,75
27,0039;118,736;130,8
25,8043;117,616;130,85
24,7269;116,505;130,9
23,7602;115,401;130,95
22,8941;114,307;131
22,1198;113,22;131,05
21,4296;112,142;131,1
20,8167;111,073;131,15
20,2752;110,013;131,2
19,7999;108,962;131,25
19,3865;107,92;131,3
19,031;106,888;131,35
18,7301;105,864;131,4
18,481;104,85;131,45
18,2812;103,845;131,5
18,129;102,849;131,55
18,0226;101,862;131,6
17,9608;100,885;131,65
17,9428;99,917;131,7
17,9681;98,9583;131,75
18,0364;98,0089;131,8
18,1478;97,0688;131,85
18,3025;96,138;131,9
18,5014;95,2165;131,95
18,7454;94,3042;132
19,0358;93,4011;132,05
19,3741;92,5073;132,1
19,7623;91,6226;132,15
20,2027;90,7472;132,2
20,6979;89,881;132,25
21,251;89,024;132,3
21,8654;88,1762;132,35
22,545;87,3376;132,4
23,2943;86,5082;132,45
24,1182;85,6881;132,5
25,0221;84,8771;132,55
26,0124;84,0755;132,6
27,0957;83,2831;132,65
28,2798;82,5001;132,7
29,5732;81,7265;132,75
30,9852;80,9623;132,8
32,5263;80,2076;132,85
34,2081;79,4625;132,9
36,0435;78,7271;132,95
38,0469;78,0015;133
40,234;77,2858;133,05
42,6225;76,5802;133,1
45,2319;75,8848;133,15
48,084;75,1999;133,2
51,2028;74,5256;133,25
54,6152;73,8621;133,3
58,3509;73,2098;133,35
62,443;72,5689;133,4
66,9282;71,9398;133,45
71,8474;71,3228;133,5
77,246;70,7184;133,55
83,1745;70,1271;133,6
89,689;69,5494;133,65
96,8519;68,9858;133,7
104,732;68,4372;133,75
113,407;67,9041;133,8
122,962;67,3874;133,85
133,491;66,8881;133,9
145,099;66,4072;133,95
157,903;65,9458;134
172,03;65,5052;134,05
187,623;65,0869;134,1
204,837;64,6925;134,15
223,844;64,3238;134,2
244,832;63,9827;134,25
268,007;63,6715;134,3
293,592;63,3927;134,35
321,829;63,1491;134,4
352,98;62,9438;134,45
387,326;62,7802;134,5
425,163;62,6622;134,55
466,806;62,5941;134,6
512,58;62,5807;134,65
562,82;62,6275;134,7
617,862;62,7402;134,75
678,035;62,9256;134,8
743,65;63,1909;134,85
814,986;63,5443;134,9
892,269;63,9946;134,95
975,654;64,5518;135
1065,19;65,2265;135,05
1160,8;66,0305;135,1
1262,24;66,9762;135,15
1369,03;68,0772;135,2
1480,47;69,3475;135,25
1595,54;70,8018;135,3
1712,89;72,4551;135,35
1830,81;74,3218;135,4
1947,19;76,4157;135,45
2059,54;78,749;135,5
2165,03;81,3308;135,55
2260,56;84,1667;135,6
2342,9;87,2571;135,65
2408,78;90,5956;135,7
2455,21;94,168;135,75
2479,62;97,951;135,8
2480,13;101,912;135,85
2455,76;106,007;135,9
2406,58;110,186;135,95
2333,77;114,39;136
2239,58;118,555;136,05
2127,17;122,618;136,1
2000,38;126,516;136,15
1863,39;130,193;136,2
1720,46;133,602;136,25
1575,61;136,705;136,3
1432,39;139,477;136,35
1293,75;141,904;136,4
1161,97;143,983;136,45
1038,64;145,72;136,5
924,768;147,128;136,55
820,806;148,227;136,6
726,797;149,038;136,65
642,466;149,587;136,7
567,311;149,899;136,75
500,693;149,999;136,8
441,894;149,911;136,85
390,167;149,658;136,9
344,778;149,26;136,95
305,02;148,737;137
270,238;148,106;137,05
239,829;147,381;137,1
213,25;146,576;137,15
190,015;145,703;137,2
169,694;144,773;137,25
151,909;143,793;137,3
136,328;142,773;137,35
122,663;141,719;137,4
110,664;140,636;137,45
100,112;139,53;137,5
90,8184;138,405;137,55
82,6215;137,266;137,6
75,3801;136,115;137,65
68,9723;134,955;137,7
63,2929;133,789;137,75
58,2512;132,618;137,8
53,7683;131,446;137,85
49,7761;130,273;137,9
46,2157;129,1;137,95
43,0358;127,93;138
40,192;126,762;138,05
37,6457;125,599;138,1
35,3632;124,44;138,15
33,3153;123,286;138,2
31,4763;122,138;138,25
29,8241;120,997;138,3
28,3392;119,863;138,35
27,0043;118,736;138,4
25,8047;117,617;138,45
24,7273;116,505;138,5
23,7605;115,402;138,55
22,8944;114,307;138,6
22,1201;113,22;138,65
21,4298;112,143;138,7
20,8169;111,074;138,75
20,2754;110,014;138,8
19,8001;108,963;138,85
19,3867;107,921;138,9
19,0312;106,888;138,95
18,7302;105,864;139
18,4811;104,85;139,05
18,2814;103,845;139,1
18,1291;102,849;139,15
18,0226;101,862;139,2
17,9609;100,885;139,25
17,9429;99,9173;139,3
17,9682;98,9586;139,35
18,0364;98,0092;139,4
18,1478;97,0691;139,45
18,3026;96,1383;139,5
18,5014;95,2167;139,55
18,7454;94,3044;139,6
19,0358;93,4013;139,65
19,3741;92,5075;139,7
19,7623;91,6229;139,75
20,2026;90,7475;139,8
20,6978;89,8813;139,85
21,2509;89,0243;139,9
21,8653;88,1764;139,95
22,5449;87,3378;140
23,2942;86,5085;140,05
24,118;85,6883;140,1
25,022;84,8774;140,15
26,0122;84,0757;140,2
27,0955;83,2833;140,25
28,2796;82,5003;140,3
29,5729;81,7267;140,35
30,9849;80,9625;140,4
32,526;80,2078;140,45
34,2077;79,4627;140,5
36,0431;78,7273;140,55
38,0464;78,0017;140,6
40,2335;77,286;140,65
42,6219;76,5804;140,7
45,2313;75,885;140,75
48,0833;75,2001;140,8
51,2021;74,5257;140,85
54,6144;73,8623;140,9
58,35;73,2099;140,95
62,442;72,5691;141
66,9271;71,9399;141,05
71,8462;71,323;141,1
77,2447;70,7186;141,15
83,1731;70,1273;141,2
89,6875;69,5495;141,25
96,8501;68,986;141,3
104,73;68,4373;141,35
113,405;67,9042;141,4
122,959;67,3876;141,45
133,488;66,8882;141,5
145,096;66,4073;141,55
157,9;65,9459;141,6
172,027;65,5053;141,65
187,619;65,0871;141,7
204,833;64,6926;141,75
223,84;64,3239;141,8
244,827;63,9828;141,85
268,001;63,6716;141,9
293,585;63,3928;141,95
321,822;63,1492;142
352,972;62,9438;142,05
387,317;62,7802;142,1
425,154;62,6622;142,15
466,795;62,5941;142,2
512,568;62,5808;142,25
562,807;62,6275;142,3
617,848;62,7402;142,35
678,019;62,9255;142,4
743,633;63,1908;142,45
814,967;63,5442;142,5
892,249;63,9945;142,55
975,633;64,5517;142,6
1065,17;65,2264;142,65
1160,78;66,0303;142,7
1262,21;66,976;142,75
1369;68,0769;142,8
1480,44;69,3472;142,85
1595,51;70,8015;142,9
1712,86;72,4547;142,95
1830,78;74,3213;143
1947,16;76,4152;143,05
2059,51;78,7484;143,1
2165;81,3301;143,15
2260,54;84,166;143,2
2342,87;87,2563;143,25
2408,77;90,5948;143,3
2455,2;94,1671;143,35
2479,62;97,95;143,4
2480,13;101,911;143,45
2455,77;106,006;143,5
2406,59;110,185;143,55
2333,79;114,389;143,6
2239,6;118,554;143,65
2127,2;122,617;143,7
2000,41;126,515;143,75
1863,43;130,192;143,8
1720,5;133,601;143,85
1575,65;136,704;143,9
1432,42;139,476;143,95
1293,78;141,904;144
1162;143,983;144,05
1038,67;145,72;144,1
924,795;147,128;144,15
820,83;148,227;144,2
726,82;149,038;144,25
642,486;149,587;144,3
567,329;149,899;144,35
500,709;149,999;144,4
441,908;149,911;144,45
390,18;149,658;144,5
344,788;149,261;144,55
305,03;148,737;144,6
270,247;148,106;144,65
239,837;147,381;144,7
213,257;146,576;144,75
190,021;145,704;144,8
169,699;144,773;144,85
151,913;143,794;144,9
136,332;142,773;144,95
122,667;141,719;145
110,667;140,636;145,05
100,114;139,53;145,1
90,8208;138,406;145,15
82,6236;137,266;145,2
75,3819;136,115;145,25
68,9739;134,955;145,3
63,2944;133,789;145,35
58,2525;132,619;145,4
53,7694;131,446;145,45
49,7772;130,273;145,5
46,2166;129,101;145,55
43,0367;127,93;145,6
40,1928;126,762;145,65
37,6464;125,599;145,7
35,3638;124,44;145,75
33,3158;123,286;145,8
31,4769;122,139;145,85
29,8246;120,997;145,9
28,3396;119,863;145,95
27,0047;118,736;146
25,8051;117,617;146,05
24,7276;116,505;146,1
23,7608;115,402;146,15
22,8947;114,307;146,2
22,1203;113,221;146,25
21,43;112,143;146,3
20,8171;111,074;146,35
20,2756;110,014;146,4
19,8003;108,963;146,45
19,3868;107,921;146,5
19,0313;106,888;146,55
18,7304;105,865;146,6
18,4812;104,85;146,65
18,2815;103,845;146,7
18,1292;102,849;146,75
18,0227;101,863;146,8
17,961;100,885;146,85
17,943;99,9175;146,9
17,9682;98,9588;146,95
18,0365;98,0094;147
18,1478;97,0693;147,05
18,3026;96,1385;147,1
18,5015;95,2169;147,15
18,7454;94,3046;147,2
19,0358;93,4015;147,25
19,374;92,5077;147,3
19,7622;91,6231;147,35
20,2026;90,7477;147,4
20,6978;89,8815;147,45
21,2508;89,0245;147,5
21,8652;88,1766;147,55
22,5448;87,338;147,6
23,2941;86,5086;147,65
24,1179;85,6885;147,7
25,0218;84,8776;147,75
26,012;84,0759;147,8
27,0953;83,2835;147,85
28,2794;82,5005;147,9
29,5727;81,7269;147,95
30,9846;80,9627;148
32,5257;80,208;148,05
34,2075;79,4629;148,1
36,0428;78,7275;148,15
38,0461;78,0019;148,2
40,2331;77,2862;148,25
42,6215;76,5806;148,3
45,2308;75,8852;148,35
48,0828;75,2002;148,4
51,2015;74,5259;148,45
54,6137;73,8624;148,5
58,3493;73,2101;148,55
62,4412;72,5692;148,6
66,9262;71,9401;148,65
71,8453;71,3231;148,7
77,2437;70,7187;148,75
83,1719;70,1274;148,8
89,6862;69,5497;148,85
96,8487;68,9861;148,9
104,729;68,4374;148,95
113,403;67,9044;149
122,957;67,3877;149,05
133,486;66,8884;149,1
145,094;66,4074;149,15
157,897;65,946;149,2
172,024;65,5055;149,25
187,616;65,0872;149,3
204,829;64,6927;149,35
223,836;64,324;149,4
244,823;63,9829;149,45
267,996;63,6717;149,5
293,58;63,3929;149,55
321,816;63,1492;149,6
352,966;62,9439;149,65
387,31;62,7803;149,7
425,145;62,6622;149,75
466,786;62,5942;149,8
512,559;62,5808;149,85
562,796;62,6275;149,9
617,836;62,7402;149,95
678,006;62,9255;150
